data/dem5wuest.asc
ncols         237
nrows         147
xllcorner     2523152.9051448
yllcorner     5596023.5075767
cellsize      5
NODATA_value  -9999
[rows 84 to 111 of 147, columns 63 to 125 of 237]
622.234 622.1127 621.9601 621.8595 621.7834 621.7136 621.7272 621.7562 621.7662 621.7583 621.7313 621.6602 621.493 621.3276 621.1459 620.9036 620.6121 620.2703 619.9357 619.5441 619.0358 618.6188 618.2917 617.803 617.3748 617.0343 616.7507 616.4213 616.1336 615.9202 615.7686 615.6502 615.5038 615.3997 615.257 615.1365 615.123 614.9934 614.6793 614.3849 614.0547 613.7239 613.4045 612.7846 612.3766 612.2424 612.1824 612.1084 612.0012 611.823 611.6596 611.5384 611.4871 611.5411 612.2448 612.8721 612.9474 612.9558 612.8374 612.5178 612.2911 612.0351 611.725
622.5508 622.4749 622.3964 622.3358 622.2566 622.2568 622.2682 622.2323 622.2771 622.2389 622.1498 622.0466 621.8531 621.6248 621.3926 621.202 620.9193 620.6349 620.2383 619.8319 619.3801 618.9589 618.6011 618.1626 617.7551 617.4402 617.1553 616.8971 616.5971 616.3356 616.1792 616.052 615.9417 615.8096 615.6578 615.4944 615.3661 615.3143 615.0779 614.7264 614.3756 614.0502 613.7062 613.2655 612.8212 612.637 612.6362 612.5837 612.4056 612.2589 612.0618 611.9631 611.8676 611.849 612.3236 612.9275 613.0284 613.1218 613.1547 612.8937 612.434 612.0043 611.842
623.1002 622.9958 622.894 622.8239 622.8042 622.7815 622.7979 622.764 622.6986 622.6044 622.5027 622.4194 622.2217 621.999 621.7838 621.4911 621.27 620.9812 620.6296 620.1675 619.7272 619.3458 618.9164 618.5587 618.2165 617.9092 617.6011 617.3268 617.0463 616.7632 616.5637 616.4439 616.3273 616.2086 616.0772 615.8667 615.7325 615.5327 615.4454 615.1014 614.7018 614.3187 614.0227 613.6462 613.3732 613.2183 613.1145 612.9976 612.7858 612.6398 612.5004 612.4215 612.3353 612.3401 612.6655 613.0021 613.1616 613.3109 613.2217 612.8647 612.4886 612.0159 612.0123
623.5275 623.4528 623.3549 623.3069 623.2746 623.2659 623.1403 623.1019 623.0825 622.9758 622.8453 622.7565 622.5864 622.3329 622.1428 621.9294 621.6646 621.3015 620.977 620.5144 620.1053 619.7379 619.32 619.0089 618.6862 618.3873 618.1205 617.848 617.5272 617.2266 616.9941 616.8432 616.7163 616.5663 616.4581 616.276 616.0468 615.8772 615.6209 615.5448 615.1174 614.6282 614.3361 614.0298 613.7976 613.6892 613.5582 613.37 613.151 612.9996 612.9709 612.8725 612.7568 612.7668 612.7943 613.0918 613.3591 613.209 613.0427 612.7698 612.4465 612.2401 612.3881
623.8917 623.8637 623.8011 623.7987 623.7614 623.7264 623.6276 623.4581 623.3797 623.2662 623.1204 623.0231 622.8663 622.6171 622.4517 622.1953 621.9404 621.6763 621.264 620.8449 620.405 620.0601 619.7379 619.4119 619.0731 618.8057 618.574 618.2808 618.0407 617.6907 617.4277 617.2535 617.0767 616.917 616.7804 616.6553 616.4106 616.1394 615.9041 615.6563 615.6337 615.2115 614.6783 614.5696 614.4813 614.2513 614.0488 613.7638 613.5468 613.4413 613.4103 613.3698 613.2445 613.0801 613.0555 613.3039 613.4547 613.1166 612.8257 612.7968 612.6723 612.6992 612.837
624.2377 624.2227 624.1589 624.1577 624.167 624.0449 623.9587 623.8606 623.7816 623.5892 623.4473 623.2706 623.0934 622.8871 622.6944 622.485 622.2031 621.9023 621.5898 621.1622 620.7492 620.4484 620.0968 619.8013 619.5519 619.2601 618.9996 618.7169 618.405 618.0985 617.8643 617.6362 617.4447 617.2275 617.0341 616.8848 616.7249 616.4444 616.1412 615.8657 615.7194 615.7371 615.3239 614.8661 614.8438 614.7507 614.5005 614.2225 613.985 613.9141 613.8738 613.7597 613.6565 613.499 613.4023 613.4919 613.387 613.0311 612.9551 612.9458 612.956 613.0142 613.5472
624.7853 624.8473 624.686 624.522 624.4448 624.3281 624.2564 624.1905 624.1936 624.0884 623.8064 623.5506 623.3953 623.1982 622.913 622.7 622.3672 622.0914 621.8113 621.5034 621.1221 620.8461 620.4529 620.2486 620.0062 619.7542 619.5063 619.2352 618.9325 618.5835 618.244 618.0037 617.7595 617.5222 617.3398 617.1222 616.9329 616.6941 616.4194 616.14 615.9084 615.8127 615.8274 615.6201 615.2098 615.0736 614.7974 614.5355 614.3873 614.3581 614.3959 614.3323 614.1638 613.9178 613.7303 613.6644 613.5286 613.3079 613.2038 613.1955 613.2578 613.5226 614.1624
625.1803 625.199 625.1702 625.0242 624.8997 624.7646 624.5724 624.4217 624.3537 624.2806 624.1216 623.8813 623.6541 623.4639 623.2377 622.9578 622.6869 622.3946 622.0992 621.8261 621.4516 621.1631 620.9295 620.6484 620.4238 620.1869 619.9698 619.7135 619.3924 619.0536 618.6572 618.3476 618.087 617.7834 617.5044 617.3859 617.1877 616.9572 616.691 616.4643 616.2234 616.0259 615.9558 615.91 615.8517 615.5134 615.1745 614.9493 614.8159 614.7671 614.7564 614.7562 614.7234 614.4958 614.1791 613.9238 613.8426 613.6277 613.4749 613.4993 613.5852 614.2477 614.5106
625.5236 625.5108 625.4484 625.3255 625.2189 625.1507 624.9844 624.7697 624.5608 624.3715 624.2219 624.0981 623.9155 623.7443 623.5126 623.2144 623.0189 622.7549 622.4908 622.1884 621.8437 621.5296 621.2522 620.9947 620.75 620.5162 620.2976 620.0577 619.7421 619.389 619.0739 618.7148 618.3449 618.0361 617.8177 617.6074 617.4385 617.2408 617.0302 616.7899 616.618 616.3966 616.2271 616.1805 616.1034 616.0231 615.6546 615.4108 615.2755 615.2252 615.2335 615.1906 615.2242 615.0476 614.7501 614.4464 614.1872 614.0146 613.8555 613.8181 614.2254 614.6857 614.7316
625.8938 625.7908 625.6828 625.5546 625.4543 625.3548 625.2403 625.0879 624.9109 624.7077 624.5102 624.3409 624.1238 623.8873 623.6814 623.4786 623.2714 623.0682 622.8163 622.4921 622.1985 621.939 621.6375 621.403 621.1182 620.8252 620.5487 620.3079 620.0869 619.7932 619.4526 619.0569 618.7339 618.3541 618.0793 617.8488 617.6578 617.502 617.3528 617.1469 616.9224 616.7394 616.552 616.4344 616.3285 616.1953 616.1204 615.8876 615.6827 615.6356 615.5896 615.7505 615.9553 615.8154 615.1621 614.8448 614.6108 614.4816 614.3129 614.4035 614.6784 614.7788 614.7606
626.1345 625.9016 625.9401 625.9225 625.7204 625.5823 625.4722 625.3695 625.2348 625.0257 624.8115 624.6177 624.407 624.1672 623.9596 623.7051 623.4689 623.246 623.0721 622.908 622.6662 622.3513 622.0905 621.7835 621.5162 621.2298 620.9501 620.6752 620.4615 620.2349 619.9004 619.5833 619.1649 618.7461 618.4223 618.1891 617.9963 617.8268 617.6066 617.4177 617.2131 616.9442 616.812 616.6751 616.5511 616.4382 616.3042 616.2463 616.1629 616.0701 616.0909 616.3854 616.4899 616.2312 615.5616 615.1389 615.0317 614.9038 614.8065 614.6926 614.6522 614.6221 614.6335
626.2242 625.9669 626.1256 626.1722 626.0185 625.8134 625.6866 625.5757 625.4438 625.223 625.0055 624.8403 624.6197 624.4402 624.268 624.0259 623.8588 623.6212 623.425 623.2224 623.048 622.7686 622.4923 622.2271 621.9589 621.6508 621.3452 621.0853 620.8721 620.6568 620.3914 620.0162 619.6599 619.249 618.8083 618.5609 618.3746 618.2068 617.9966 617.7397 617.5426 617.3737 617.1949 617.027 616.9216 616.8777 616.6815 616.4604 616.4676 616.507 616.6639 616.7415 616.5989 616.2196 615.657 615.4212 615.3459 615.2721 615.1871 615.0665 614.9988 614.9778 615.0237
626.7874 626.3633 626.1939 626.1841 626.1574 625.9692 625.9185 625.7893 625.6234 625.4707 625.235 625.0339 624.8869 624.6649 624.5004 624.3165 624.1492 623.9911 623.806 623.635 623.4542 623.1844 622.8787 622.5807 622.2867 622.0297 621.7847 621.5199 621.2699 621.0484 620.7643 620.4793 620.1412 619.8015 619.4252 619.091 618.8005 618.5543 618.2515 618.0431 617.916 617.7463 617.5576 617.4616 617.4244 617.3942 617.1731 616.9348 616.756 616.7597 616.8818 616.9272 616.6628 616.3058 615.9924 615.8104 615.6437 615.6057 615.6391 615.6172 615.5004 615.4174 615.4629
627.7004 627.5995 627.32 626.7964 626.3638 626.0945 626.0997 626.0231 625.8435 625.6732 625.5239 625.3409 625.1531 624.9744 624.7827 624.6537 624.4971 624.3012 624.1533 623.9968 623.7989 623.5486 623.2513 622.9599 622.7355 622.466 622.265 621.9576 621.6727 621.3799 621.1084 620.7969 620.4753 620.1572 619.8143 619.4947 619.1731 618.8815 618.6389 618.4258 618.2554 618.1272 617.9601 617.8536 617.7931 617.6866 617.5524 617.3348 617.1984 617.1711 617.0746 617.0245 616.9082 616.5824 616.3463 616.1999 616.0966 616.0791 616.0549 616.0516 615.9404 615.9606 616.0939
627.1268 627.3474 627.4897 627.5248 627.5261 627.1438 626.7177 626.2144 625.9975 625.9521 625.8057 625.6088 625.4313 625.2874 625.1281 624.9421 624.8279 624.6316 624.3874 624.2462 624.0432 623.8536 623.5924 623.3069 623.0717 622.9174 622.7319 622.4937 622.2305 621.9302 621.6017 621.2282 620.8871 620.5113 620.1298 619.7787 619.529 619.2084 619.0228 618.8328 618.6547 618.4775 618.3335 618.2216 618.1452 618.0212 617.8682 617.7293 617.5724 617.4429 617.2692 617.1196 617.1026 617.0549 616.7858 616.5939 616.562 616.5635 616.5357 616.5757 616.5309 616.5684 616.5209
626.5387 626.8762 626.7731 627.0038 627.2285 627.381 627.4084 627.2424 626.6799 626.2336 625.9222 625.8903 625.7997 625.6428 625.449 625.2731 625.1783 624.9926 624.7415 624.5231 624.3159 624.0557 623.8195 623.6436 623.4435 623.2416 623.1241 622.8484 622.6107 622.3654 622.0302 621.7061 621.3522 620.95 620.6044 620.2461 619.978 619.7469 619.6097 619.4129 619.15 619.038 618.8088 618.6461 618.5482 618.3926 618.2076 618.0446 617.8968 617.7083 617.4831 617.2826 617.2142 617.2585 617.3481 617.1453 617.0589 617.0628 617.0443 616.9929 616.9409 616.8513 616.7786
627.331 627.1833 626.99 626.8904 626.8613 626.9733 627.0683 627.2486 627.2964 627.1941 626.7821 626.2523 626.0007 625.9977 625.8896 625.5689 625.4144 625.2605 625.0789 624.8219 624.5981 624.4242 624.2053 623.9671 623.8331 623.6707 623.3881 623.2237 622.9128 622.6697 622.3792 621.9932 621.6655 621.2623 620.8679 620.5657 620.3244 620.0843 619.9468 619.7866 619.6693 619.4377 619.3557 619.1855 619.0485 618.8412 618.6753 618.5944 618.4315 618.2048 618.0475 617.9485 617.834 617.7078 617.5887 617.6219 617.6956 617.7582 617.6652 617.5145 617.3664 617.3082 617.2299
627.5209 627.3967 627.3855 627.393 627.3211 627.1258 627.0011 627.0294 626.9592 627.077 627.2064 627.1678 626.8112 626.3455 625.9909 625.8654 625.7424 625.5474 625.3388 625.1348 624.9283 624.7631 624.5809 624.3184 624.1083 623.963 623.7828 623.561 623.2855 622.9651 622.6398 622.3339 621.9044 621.5457 621.2109 620.8669 620.6812 620.4337 620.3098 620.2215 620.067 619.9122 619.7224 619.5332 619.3785 619.2635 619.1222 618.9863 618.8862 618.77 618.5557 618.3859 618.3544 618.2286 618.1104 618.028 618.0005 618.0213 618.1561 618.0048 617.8451 617.7164 617.7057
627.7341 627.6281 627.5947 627.5355 627.455 627.4423 627.2021 627.0272 626.9249 626.7502 626.8066 627.1325 627.1364 627.0934 626.8584 626.3146 625.8856 625.7755 625.5101 625.2726 624.9945 624.9368 624.89 624.665 624.4681 624.2578 624.0443 623.8761 623.5878 623.2551 622.9368 622.6113 622.2618 621.9119 621.6349 621.3499 621.0803 620.9062 620.7305 620.6675 620.5484 620.3932 620.1754 619.9834 619.8046 619.7491 619.6092 619.4416 619.3232 619.1923 619.1097 618.9772 618.8429 618.702 618.5956 618.4996 618.4566 618.428 618.3161 618.408 618.3797 618.2159 618.1143
627.9235 627.8417 627.7192 627.644 627.5834 627.525 627.3865 627.3937 627.278 627.0574 626.9714 627.0994 627.1002 627.0671 627.0615 627.0354 626.8396 626.3188 625.6434 625.1633 624.8971 625.0886 625.0773 624.9684 624.7899 624.5932 624.4127 624.1399 623.9124 623.5651 623.2721 622.9286 622.6112 622.342 622.0775 621.9022 621.6572 621.4238 621.1699 621.079 620.9314 620.7504 620.5401 620.4371 620.3022 620.175 620.0746 619.895 619.7652 619.6779 619.6307 619.4753 619.3189 619.1935 619.0562 618.9052 618.8353 618.7589 618.6799 618.5711 618.5938 618.6932 618.6055
628.1086 628.011 627.9581 627.8231 627.7618 627.6345 627.5451 627.4999 627.4583 627.3687 627.2654 627.1995 627.1038 626.9941 626.9244 626.8926 626.9305 626.9666 626.7819 626.1816 625.6343 625.5098 625.4517 625.3365 625.1223 624.8871 624.6748 624.4133 624.1617 623.8942 623.5651 623.3483 623.0497 622.8323 622.5874 622.3517 622.1746 621.9142 621.6383 621.4442 621.2658 621.0505 620.9216 620.8568 620.7507 620.6207 620.5112 620.4902 620.3552 620.1354 620.0063 619.8401 619.7241 619.6188 619.4698 619.3314 619.2222 619.1519 619.0839 619.0513 618.8561 618.837 619.0518
628.1885 628.1632 628.1236 628.1011 627.9927 627.884 627.7442 627.627 627.5775 627.504 627.42 627.3439 627.3211 627.1637 627.0622 626.8789 626.8467 626.7987 626.7867 626.8718 626.7461 626.3685 625.8997 625.5255 625.4509 625.2562 624.9554 624.7094 624.4706 624.2052 623.9717 623.6818 623.446 623.2624 623.0607 622.8403 622.595 622.3725 622.0842 621.8218 621.5904 621.4376 621.3398 621.2383 621.1777 621.1255 621.0142 620.9459 620.8644 620.7138 620.4916 620.3873 620.2308 620.0779 619.8991 619.7454 619.6125 619.5798 619.5115 619.4031 619.2786 619.2899 619.3616
628.3226 628.2339 628.196 628.1634 628.1769 628.0633 627.9905 627.8497 627.6965 627.6738 627.6135 627.4996 627.4148 627.363 627.3105 627.1607 626.9411 626.7916 626.7272 626.7148 626.7442 626.7703 626.7311 626.3919 625.8887 625.489 625.2414 625.0264 624.8387 624.5858 624.2654 624.1221 623.8823 623.6956 623.4888 623.1409 622.9521 622.7761 622.4963 622.2107 621.9589 621.8141 621.7881 621.6894 621.6318 621.5958 621.5583 621.4207 621.3018 621.1728 620.9519 620.8064 620.6534 620.4459 620.2704 620.1992 620.0698 620.0501 619.9513 619.9136 619.8366 619.8008 619.8185
628.6661 628.4772 628.3631 628.2669 628.17 628.1607 628.0711 628.0321 627.8304 627.8557 627.7447 627.6805 627.6085 627.5634 627.4676 627.3474 627.2057 627.0258 626.89 626.725 626.7062 626.4841 626.537 626.6742 626.6542 626.3674 625.8879 625.3504 625.0449 624.9275 624.7458 624.4799 624.3262 624.0807 623.8596 623.6443 623.3295 623.0663 622.8718 622.616 622.4114 622.2292 622.1667 622.1177 622.0707 622.0099 621.9293 621.8192 621.6875 621.5751 621.3554 621.1912 621.0852 620.9066 620.7766 620.7087 620.6157 620.527 620.5513 620.5082 620.4259 620.3803 620.3804
628.8217 628.7287 628.5686 628.5002 628.3697 628.166 628.1085 628.0756 627.9717 627.9604 627.8688 627.8524 627.7815 627.6777 627.6371 627.5178 627.3798 627.2267 627.1134 626.9836 626.8745 626.6926 626.5964 626.4626 626.3527 626.537 626.5757 626.379 625.8159 625.3549 624.9943 624.8992 624.7274 624.49 624.2081 623.9467 623.7903 623.5265 623.2457 623.0376 622.8945 622.7428 622.5901 622.4703 622.4185 622.3655 622.2947 622.2202 622.0606 621.9276 621.8301 621.6876 621.5328 621.4043 621.2407 621.1897 621.1514 621.1181 621.0429 621.0587 621.0634 621.0334 621.0212
629.0318 628.8818 628.7756 628.6587 628.5242 628.4129 628.1992 628.1155 628.0852 628.0291 628.0221 628.0382 628.0737 627.9095 627.798 627.7114 627.5828 627.486 627.2938 627.2089 627.1093 627.01 626.9117 626.686 626.4674 626.4554 626.2329 626.3771 626.4787 626.3553 625.9371 625.3116 624.9488 624.7833 624.621 624.4872 624.1813 623.9426 623.6886 623.4907 623.2862 623.1163 623.054 622.9053 622.8076 622.7319 622.6698 622.6284 622.5302 622.3721 622.2039 622.1039 621.9802 621.8153 621.7159 621.6193 621.6046 621.6172 621.6735 621.6934 621.6318 621.6109 621.523
629.2012 629.0556 628.9012 628.8159 628.6847 628.5339 628.3992 628.2488 628.1737 628.1588 628.1635 628.176 628.1821 628.1148 628.0161 627.8467 627.722 627.6747 627.5573 627.3989 627.29 627.1678 627.0661 626.9174 626.7136 626.6588 626.2614 626.139 626.2767 626.2836 626.4296 626.3535 626.0038 625.4471 624.8519 624.7429 624.7607 624.5198 624.261 623.9486 623.8044 623.6356 623.4389 623.3173 623.1751 623.0273 622.9623 622.9077 622.8444 622.7672 622.6357 622.4716 622.3662 622.2823 622.1384 622.0708 622.0198 622.0294 622.0771 622.1495 622.1553 622.1044 622.1279
629.3026 629.16 629.0131 628.9137 628.8383 628.7104 628.5541 628.4474 628.3143 628.2377 628.2587 628.3133 628.3257 628.2898 628.1478 628.0483 627.8765 627.7996 627.6972 627.5681 627.4432 627.3289 627.2759 627.1903 627.0342 626.8499 626.7968 626.4369 626.3098 626.0675 625.8416 626.1077 626.3826 626.3249 626.0941 625.4721 624.9874 624.719 624.6899 624.5167 624.2039 623.9885 623.8038 623.6711 623.5773 623.4819 623.3349 623.2327 623.2236 623.1362 623.0301 622.8965 622.8126 622.718 622.5576 622.4981 622.4802 622.5089 622.5681 622.5917 622.616 622.6266 622.5966
