data/dem5wuest.asc
ncols         237
nrows         147
xllcorner     2523152.9051448
yllcorner     5596023.5075767
cellsize      5
NODATA_value  -9999
[rows 28 to 55 of 147, columns 126 to 188 of 237]
601.7772 601.8927 602.019 602.1423 602.3447 602.4275 602.5852 602.7668 603.0488 603.3907 603.7988 604.0161 604.2008 604.4651 604.7904 605.1548 605.4207 605.7236 606.0974 606.6249 607.1133 607.3956 607.963 608.7258 609.6002 610.3575 610.7394 611.2742 611.4425 611.9653 612.4683 612.8097 613.1599 613.587 614.0602 614.5247 614.9658 615.4339 615.8013 616.0831 616.2994 616.4312 616.6263 617.0089 617.3041 617.6412 618.1011 618.5358 618.8267 619.3321 619.5319 619.7583 620.134 620.4675 620.8604 621.2153 621.4482 621.6824 621.9798 622.2605 622.5247 622.7605 623.0151
602.4115 602.4738 602.5557 602.7562 602.9188 603.0478 603.1696 603.4236 603.7341 604.1008 604.3903 604.5716 604.9695 605.2166 605.3585 605.7924 606.0463 606.3652 606.6968 607.0488 607.4145 607.6281 607.7178 608.0484 608.7444 609.7149 610.5967 611.1082 611.5875 611.9141 612.4386 612.8219 613.143 613.5513 614.0559 614.4388 614.913 615.3601 615.7454 616.071 616.3263 616.4678 616.759 617.1519 617.4427 617.8591 618.1381 618.5085 618.7337 619.3209 619.52 619.9092 620.3257 620.6293 621.0649 621.3325 621.5938 621.8487 622.1426 622.4503 622.6901 622.8835 623.1022
603.1243 603.1911 603.2102 603.3466 603.4348 603.5186 603.7491 604.0634 604.3945 604.6928 604.9673 605.2392 605.4492 605.568 605.863 606.5625 607.0333 607.2523 607.5024 607.7757 608.0173 608.1565 608.0937 608.1935 608.6489 609.5472 610.4023 611.048 611.5762 611.961 612.3107 612.8509 613.2145 613.6182 614.0909 614.4608 614.9726 615.4559 615.8518 616.2283 616.4519 616.723 617.0529 617.3896 617.6793 618.056 618.1572 618.4336 618.7629 619.2553 619.6746 620.1171 620.485 620.8914 621.2648 621.5124 621.8104 622.0065 622.2954 622.6262 622.8487 623.0043 623.2477
603.6654 603.8345 603.9987 604.0032 604.2164 604.3629 604.5589 604.8927 605.2914 605.5131 605.6283 605.6617 605.739 606.0823 606.7313 607.437 607.8087 607.991 608.1851 608.4603 608.6749 608.8386 609.0623 609.1586 609.5661 610.1271 610.6691 611.1451 611.673 612.0724 612.4036 612.7999 613.2918 613.7917 614.215 614.6367 615.1384 615.6169 616.1193 616.4731 616.7792 616.9997 617.4082 617.6839 617.8506 618.0609 618.223 618.5335 618.9673 619.3992 619.8723 620.3099 620.7712 621.1375 621.4274 621.6548 621.9469 622.1997 622.4445 622.7952 622.9719 623.1979 623.4195
604.0511 604.241 604.3848 604.5943 604.7252 604.9061 605.1738 605.5096 605.8858 606.1578 606.3876 606.5716 606.9703 607.4179 607.8744 608.2184 608.532 608.809 609.0302 609.2148 609.4547 609.7574 609.953 610.1227 610.3027 610.7076 611.0674 611.4637 611.842 612.2403 612.6464 612.9291 613.4797 613.9143 614.369 614.8632 615.3521 615.9011 616.3999 616.8158 617.0574 617.2906 617.5987 617.7701 617.9041 618.1536 618.3571 618.7874 619.2022 619.6693 620.1215 620.5097 621.0819 621.3474 621.5665 621.7872 622.1066 622.3624 622.592 622.9398 623.2172 623.3782 623.447
604.3683 604.5579 604.7354 604.8915 605.0782 605.4105 605.7797 606.1359 606.5947 606.9718 607.2336 607.5416 607.8636 608.2048 608.5072 608.7885 609.1067 609.3822 609.6586 609.8574 610.0634 610.2953 610.4675 610.53 610.9984 611.3489 611.54 611.8398 612.1658 612.5131 612.8479 613.1923 613.6282 614.0336 614.6376 615.1505 615.6353 616.1988 616.733 617.0798 617.3018 617.5457 617.7042 617.9227 618.1232 618.2929 618.603 619.0786 619.524 619.9849 620.3547 620.8128 621.3057 621.4932 621.7161 621.9615 622.2728 622.4791 622.7841 623.0454 623.2245 623.3753 623.4306
604.6324 604.8414 605.0599 605.3165 605.6407 605.9752 606.4406 606.7953 607.2801 607.5848 607.8094 608.0742 608.4233 608.7554 609.0107 609.3173 609.5668 609.8047 610.0416 610.2586 610.4331 610.6028 610.7338 611.107 611.3995 611.6686 611.9168 612.1574 612.467 612.7916 613.1047 613.4948 613.8499 614.3085 614.8915 615.4789 616.0338 616.5498 617.0889 617.3994 617.538 617.5599 617.7856 618.0618 618.3503 618.5931 618.9832 619.4173 619.832 620.2711 620.6072 621.0712 621.4173 621.6502 621.8614 622.0787 622.3694 622.6956 622.9224 623.1257 623.2826 623.4059 623.4762
604.9646 605.1937 605.4432 605.7802 606.1072 606.6143 607.0289 607.4539 607.7767 608.051 608.2377 608.5908 608.8314 609.055 609.4013 609.6586 609.9016 610.1516 610.4399 610.5892 610.7148 610.9111 611.1312 611.4391 611.6826 611.9488 612.2137 612.4948 612.8011 613.1032 613.3714 613.8097 614.2518 614.7518 615.1987 615.8778 616.4248 616.9168 617.3314 617.4935 617.5393 617.6317 617.8738 618.157 618.6237 619.0477 619.4325 619.7907 620.1769 620.5471 620.9509 621.2028 621.5051 621.8067 622.0015 622.2101 622.587 622.8602 623.0607 623.2542 623.3763 623.4948 623.5633
605.2911 605.5876 605.8673 606.2021 606.683 607.0247 607.5185 607.8906 608.1703 608.4026 608.6007 608.7844 609.026 609.3954 609.7318 610.0029 610.2737 610.4995 610.7504 610.8883 611.0329 611.2488 611.5218 611.7961 611.9929 612.3011 612.5438 612.8381 613.0858 613.3763 613.7119 614.1597 614.6213 615.0812 615.6105 616.1571 616.6709 617.1318 617.3759 617.5122 617.5842 617.7286 618.0007 618.3979 618.9312 619.2878 619.7499 620.1229 620.5123 620.793 621.1074 621.4093 621.6987 621.9417 622.1937 622.3405 622.7759 622.9292 623.2296 623.3723 623.4711 623.5696 623.7277
605.617 605.9333 606.2336 606.7568 607.1488 607.4816 607.838 608.1741 608.4028 608.7325 608.8591 609.0933 609.4484 609.7962 610.1788 610.4682 610.6715 610.873 611.0227 611.2023 611.4124 611.6103 611.859 612.0618 612.37 612.6711 612.9006 613.1433 613.4075 613.7416 614.1024 614.4578 614.9351 615.4627 616.0081 616.3735 616.8233 617.2232 617.3895 617.5007 617.6329 617.9241 618.2872 618.7825 619.2147 619.7257 620.076 620.4197 620.6996 620.9573 621.2997 621.5898 621.8458 622.124 622.3509 622.5263 622.8008 623.0936 623.3168 623.4663 623.5549 623.7018 623.9442
605.9734 606.3226 606.799 607.2166 607.4537 607.8851 608.2094 608.4153 608.6546 608.9203 609.2074 609.5039 609.9078 610.3133 610.619 610.8218 610.9846 611.144 611.3624 611.5334 611.7852 612.0191 612.1888 612.4019 612.6303 612.9017 613.1803 613.4806 613.7645 614.1103 614.4822 614.8635 615.2965 615.8269 616.2721 616.4953 616.8902 617.2782 617.428 617.6431 617.8595 618.2712 618.6912 619.1797 619.6702 620.0313 620.2959 620.613 620.9144 621.1847 621.5289 621.759 622.0313 622.241 622.4747 622.6534 622.9479 623.2495 623.3621 623.5244 623.6212 623.85 623.9972
606.4636 606.7704 607.2169 607.4957 607.9814 608.2733 608.4952 608.7266 609.0308 609.3112 609.5852 609.879 610.3931 610.7279 610.9403 611.098 611.2549 611.4839 611.6453 611.9102 612.122 612.2795 612.4511 612.7164 612.9576 613.2269 613.5328 613.8977 614.1922 614.5726 614.9099 615.3052 615.6627 616.0461 616.3804 616.726 617.0366 617.41 617.7802 618.0134 618.2101 618.6524 619.1122 619.5431 619.9376 620.1703 620.4706 620.7798 621.0614 621.3097 621.6129 621.9172 622.1489 622.364 622.5512 622.7636 623.0967 623.3078 623.4644 623.61 623.7121 623.8707 624.0958
606.9471 607.2707 607.5815 607.9478 608.3536 608.6046 608.8508 609.0433 609.3032 609.6168 609.9198 610.314 610.6715 610.9318 611.151 611.3468 611.5444 611.7484 611.951 612.119 612.3074 612.5324 612.7887 613.0468 613.3173 613.6041 613.9471 614.2604 614.6093 614.9886 615.3591 615.6911 616.028 616.2718 616.5536 616.9308 617.1619 617.5836 618.1967 618.4448 618.6945 619.0268 619.4489 619.876 620.1168 620.3319 620.6319 620.9518 621.1984 621.4482 621.7578 622.0523 622.2624 622.4523 622.6535 622.9094 623.2305 623.4507 623.5919 623.7575 623.8537 623.9549 624.1765
607.3314 607.6356 608.0353 608.4453 608.7501 608.8856 609.0636 609.3632 609.6179 609.9708 610.298 610.6793 610.9564 611.1899 611.4001 611.6316 611.894 612.0984 612.2629 612.4201 612.6517 612.8643 613.1163 613.421 613.7294 614.0104 614.3082 614.731 615.1313 615.4581 615.7806 616.0505 616.244 616.5435 616.7974 617.0358 617.2892 617.7672 618.4866 618.8484 619.1027 619.4418 619.7644 620.0462 620.2781 620.5184 620.7911 621.1496 621.3588 621.6661 621.986 622.2112 622.4056 622.6063 622.8071 622.969 623.2878 623.588 623.7226 623.8818 623.924 624.1401 624.2288
607.6418 608.0467 608.4204 608.8073 608.985 609.0965 609.3728 609.684 609.9987 610.3264 610.7238 611.0078 611.2216 611.4149 611.6863 611.9193 612.1754 612.348 612.5275 612.7478 612.9309 613.2144 613.4835 613.745 614.0568 614.4418 614.8348 615.1855 615.5537 615.8885 616.1694 616.3066 616.5524 616.7897 617.0197 617.2923 617.5876 618.0568 618.8079 619.241 619.5164 619.7206 619.9459 620.2057 620.4551 620.7044 621.0024 621.3439 621.5767 621.9007 622.1931 622.3371 622.5222 622.7585 622.9066 623.1389 623.567 623.7888 623.8376 623.944 623.9547 624.1373 624.1899
608.0308 608.4031 608.76 609.0581 609.2079 609.3715 609.627 609.9968 610.3622 610.7435 611.0049 611.2498 611.4476 611.6704 611.9545 612.198 612.4114 612.631 612.7916 613.0328 613.2426 613.5608 613.7958 614.1105 614.4088 614.9354 615.3593 615.7275 616.0302 616.2888 616.4628 616.6376 616.895 617.0764 617.2877 617.6195 617.9092 618.4592 619.0853 619.5793 619.8428 620.0184 620.1027 620.41 620.6349 620.93 621.2245 621.4933 621.7811 622.0696 622.2589 622.4218 622.6503 622.9142 623.1459 623.412 623.7526 623.8184 623.8279 623.8923 623.9235 624.0073 624.2251
608.4119 608.7537 609.0596 609.3024 609.4482 609.6631 609.9516 610.3403 610.7123 610.9616 611.2198 611.4763 611.7109 611.968 612.2102 612.4617 612.6756 612.8864 613.0795 613.3142 613.5677 613.8257 614.1612 614.4239 614.8596 615.3653 615.8043 616.1786 616.4739 616.5688 616.7491 616.9426 617.1145 617.3123 617.6392 617.9473 618.3181 618.7791 619.2197 619.7368 620.0369 620.3281 620.4551 620.6118 620.9086 621.1414 621.397 621.6577 621.938 622.1841 622.3746 622.5858 622.7926 623.0841 623.4516 623.7319 623.798 623.7188 623.7163 623.7773 623.8419 623.9869 624.2188
608.6895 609.0594 609.3492 609.5657 609.7401 609.965 610.3087 610.7326 611.058 611.2535 611.4724 611.7238 611.9716 612.257 612.4943 612.7511 613.0093 613.1554 613.4263 613.6336 613.8516 614.1183 614.4629 614.8538 615.3355 615.9191 616.2839 616.5776 616.7581 616.8641 617.0058 617.1737 617.36 617.6272 617.9268 618.2369 618.5703 618.8972 619.2653 619.7335 620.1523 620.5873 620.7813 620.9603 621.0718 621.3091 621.5493 621.7482 622.0471 622.3058 622.4792 622.8073 622.9904 623.2634 623.5735 623.6867 623.715 623.6606 623.5965 623.6824 623.8289 624.0093 624.2527
608.9459 609.2939 609.5889 609.8376 610.0021 610.3007 610.7569 611.0793 611.3609 611.5541 611.7587 612.0052 612.2766 612.5473 612.8243 613.0751 613.2991 613.5643 613.7792 613.9432 614.2279 614.5804 614.9213 615.4031 615.8203 616.3425 616.605 616.8036 616.9725 617.0632 617.2283 617.4005 617.6315 617.8378 618.1561 618.4886 618.7927 619.1884 619.4938 619.8218 620.1835 620.6595 621.0637 621.1536 621.2646 621.4604 621.6334 621.8532 622.1172 622.4086 622.787 622.9711 623.2056 623.4156 623.5455 623.604 623.5925 623.4648 623.4813 623.5915 623.853 624.0961 624.3196
609.1998 609.5697 609.779 610.0428 610.3287 610.6886 610.9856 611.2994 611.5225 611.7577 612.0112 612.2982 612.5447 612.8276 613.1581 613.4683 613.7357 613.9607 614.2178 614.4339 614.7101 615.0752 615.4719 615.8965 616.3152 616.6462 616.821 616.9438 617.0866 617.2766 617.48 617.6561 617.8964 618.1411 618.4553 618.7986 619.1675 619.5012 619.7971 620.0615 620.3015 620.5886 621.0664 621.4825 621.5528 621.5649 621.7425 621.9696 622.2117 622.6531 622.9573 623.142 623.3316 623.4761 623.5229 623.5311 623.4623 623.4311 623.4861 623.692 623.9613 624.2098 624.4183
609.4907 609.7021 609.9662 610.3568 610.6573 610.9109 611.2408 611.5384 611.788 612.058 612.3355 612.6053 612.8405 613.1798 613.5641 613.8223 614.0945 614.3801 614.5682 614.7898 615.1525 615.5838 615.9367 616.3711 616.6699 616.8196 616.9606 617.2266 617.4075 617.5463 617.7011 617.9433 618.2325 618.5355 618.7799 619.174 619.4118 619.7744 620.0507 620.2267 620.4819 620.7212 621.0604 621.6309 621.8781 621.9442 622.0753 622.1405 622.4551 622.8077 623.1508 623.3815 623.3331 623.4465 623.3867 623.2791 623.3442 623.4849 623.5914 623.8383 624.1284 624.2944 624.5255
609.6815 609.8925 610.3366 610.661 610.8975 611.1732 611.5235 611.8263 612.1251 612.3756 612.6528 612.9431 613.1797 613.5438 613.8387 614.1588 614.4262 614.6555 614.9232 615.2557 615.5868 615.9086 616.3835 616.655 616.7927 616.9543 617.1115 617.3715 617.528 617.7592 617.9603 618.2281 618.4736 618.7554 619.106 619.3467 619.6611 619.9827 620.1837 620.4163 620.6555 620.8951 621.1481 621.5756 621.9733 622.207 622.2576 622.4637 622.7639 623.0082 623.3016 623.4632 623.3271 623.2714 623.1993 623.1654 623.2335 623.5081 623.7264 623.9852 624.2899 624.4427 624.6551
609.9308 610.2561 610.5217 610.8104 611.1171 611.4891 611.8398 612.127 612.4314 612.6615 612.975 613.2756 613.497 613.8487 614.1367 614.3676 614.631 614.9143 615.2632 615.5892 615.9272 616.1792 616.5312 616.7526 616.9028 617.0865 617.3655 617.5426 617.7245 617.9744 618.2072 618.5071 618.7734 619.033 619.3311 619.5638 619.8787 620.1497 620.3935 620.6545 620.811 621.0649 621.281 621.5157 621.9072 622.3653 622.7963 622.8523 622.9777 623.0723 623.2542 623.3748 623.3049 623.1675 623.0988 623.1328 623.306 623.584 623.7772 624.0404 624.4421 624.7029 624.8454
610.2487 610.4675 610.7344 611.0044 611.391 611.7142 612.0859 612.3773 612.6708 612.9528 613.2173 613.514 613.8127 614.1153 614.4187 614.6166 614.9045 615.2688 615.5632 615.9262 616.2493 616.4902 616.6472 616.9024 617.1032 617.3601 617.5037 617.7143 617.9189 618.2441 618.5298 618.7966 619.0076 619.2743 619.5156 619.785 620.0826 620.3376 620.5844 620.7695 620.9534 621.1426 621.3572 621.574 621.9337 622.4899 622.9092 623.0252 623.0884 623.1602 623.218 623.313 623.3769 623.2173 623.2253 623.4047 623.5364 623.6908 623.892 624.0612 624.5105 624.7865 624.9941
610.4092 610.6714 610.9063 611.2221 611.6246 611.9672 612.3614 612.6444 612.8804 613.1812 613.4199 613.7645 614.0335 614.3935 614.6375 614.8907 615.1873 615.5379 615.9141 616.1924 616.4277 616.6587 616.7958 617.1185 617.423 617.5535 617.7269 617.9186 618.2463 618.4736 618.77 619.1011 619.2354 619.4022 619.6963 619.9917 620.3207 620.5643 620.713 620.903 621.1024 621.2897 621.4636 621.739 622.1284 622.546 623.0186 623.1956 623.2155 623.1984 623.2738 623.3411 623.3366 623.3295 623.416 623.5526 623.7079 623.8209 624.0284 624.16 624.4539 624.7563 625.0188
610.6264 610.9176 611.2176 611.5126 611.9911 612.254 612.5474 612.9033 613.0884 613.3645 613.6291 613.9397 614.2177 614.6597 614.9642 615.1552 615.5278 615.8555 616.0862 616.2639 616.5491 616.8101 617.024 617.3574 617.5954 617.7281 617.9407 618.1931 618.4381 618.7067 619.0358 619.209 619.3849 619.6048 619.858 620.2117 620.5273 620.7217 620.8328 621.0045 621.205 621.4537 621.6815 622.0128 622.3748 622.5524 623.0487 623.2802 623.4677 623.4556 623.4167 623.4136 623.4009 623.4177 623.4574 623.6702 623.7449 623.8879 624.0595 624.2591 624.4716 624.7319 624.9391
610.8839 611.1865 611.4883 611.8547 612.1957 612.4709 612.7941 613.1259 613.3621 613.5759 613.803 614.1664 614.5693 614.9496 615.248 615.5432 615.7988 616.0608 616.2681 616.4225 616.7632 617.0091 617.2882 617.6136 617.8047 618.0133 618.2249 618.5004 618.7354 618.9125 619.1759 619.3939 619.6095 619.7974 620.0775 620.3857 620.5902 620.7909 620.9146 621.0675 621.3747 621.6843 621.9197 622.2469 622.4412 622.6689 623.0134 623.1935 623.6775 623.7024 623.5468 623.522 623.5098 623.5114 623.5592 623.7122 623.7698 623.8506 624.0236 624.256 624.5003 624.7393 624.9495
611.1418 611.4498 611.7927 612.0794 612.3831 612.6891 613.0613 613.3014 613.5162 613.7537 614.0396 614.3853 614.8463 615.3217 615.6985 615.9031 616.1077 616.2954 616.4626 616.715 617.0147 617.241 617.5524 617.8113 618.127 618.2623 618.4703 618.7007 618.9215 619.1506 619.3661 619.569 619.8915 620.0463 620.3184 620.5577 620.6967 620.8752 621.0601 621.2861 621.623 621.9042 622.1554 622.3882 622.6171 622.7993 622.9786 623.054 623.5228 623.9124 623.8163 623.6 623.601 623.5434 623.5413 623.6958 623.8028 623.9039 624.059 624.2898 624.5424 624.8329 625.1145
