data/dem5wuest.asc
ncols         237
nrows         147
xllcorner     2523152.9051448
yllcorner     5596023.5075767
cellsize      5
NODATA_value  -9999
[rows 112 to 139 of 147, columns 126 to 188 of 237]
623.0374 623.024 623.0602 623.0765 623.0886 623.1593 623.3006 623.4009 623.44 623.4647 623.5618 623.7374 623.9536 624.1904 624.2485 624.305 624.5259 624.6646 624.8823 625.0369 625.2718 625.3565 625.4586 625.6622 625.7967 625.8273 625.8058 625.8148 625.9068 626.1982 626.5273 626.9498 627.2046 627.3495 627.3621 627.3218 627.2155 627.2044 627.2421 627.5668 627.7856 627.8364 627.8211 627.839 628.0869 628.2774 628.371 628.4531 628.5546 628.6725 628.7433 628.7669 628.8857 629.0702 629.1338 629.1465 629.223 629.3041 629.4083 629.5377 629.6093 629.7372 629.8167
623.4713 623.5261 623.5834 623.5845 623.4565 623.4526 623.6083 623.6794 623.7457 623.7678 623.9901 624.1265 624.3479 624.4378 624.5706 624.8039 625.0371 625.2465 625.362 625.439 625.4748 625.5139 625.544 625.7729 625.7032 625.6958 625.9557 626.2896 626.6781 626.986 627.1611 627.2686 627.2636 627.0988 627.0428 627.173 627.1922 627.2559 627.556 627.6592 627.7759 627.9857 627.9839 627.9648 628.0818 628.2823 628.4515 628.6 628.639 628.6744 628.7588 628.8922 628.9968 629.1044 629.2142 629.2301 629.2682 629.3547 629.5049 629.5934 629.6408 629.7546 629.896
623.899 623.9026 623.9042 623.9478 623.9742 623.9178 623.8867 623.957 624.0921 624.1729 624.2883 624.4996 624.6532 624.7365 624.9987 625.2255 625.426 625.5209 625.603 625.551 625.6729 625.6179 625.6337 625.9437 626.2672 626.5869 626.9094 627.0156 627.0677 627.0648 627.1558 627.2506 627.1311 626.9894 627.0485 627.1794 627.2871 627.379 627.5946 627.6903 627.832 628.0643 628.0949 628.1314 628.1384 628.2945 628.5146 628.6238 628.6526 628.7169 628.8737 629.0367 629.1745 629.2404 629.2418 629.2485 629.2968 629.4083 629.5371 629.6486 629.6863 629.7327 629.885
624.157 624.2029 624.1499 624.1541 624.2116 624.2505 624.2259 624.2808 624.4014 624.5405 624.7051 624.8658 625.0067 625.1799 625.4103 625.5143 625.5895 625.5797 625.5254 625.6135 625.9298 626.1913 626.5707 626.8117 626.8966 626.9005 626.8543 626.7559 626.7783 626.9301 627.0447 627.238 627.2153 627.1797 627.14 627.2615 627.3898 627.5383 627.6284 627.7441 627.9526 627.9833 628.0898 628.2543 628.3076 628.3944 628.5803 628.7592 628.7749 628.8171 628.9023 629.0607 629.1302 629.126 629.1667 629.3082 629.3983 629.4583 629.4672 629.6896 629.6881 629.7321 629.8081
624.4478 624.3851 624.4169 624.4813 624.5764 624.5988 624.5869 624.673 624.7885 624.9608 625.1034 625.2135 625.2743 625.4176 625.4742 625.4907 625.6682 625.9326 626.2452 626.4866 626.7115 626.7676 626.7006 626.5721 626.5486 626.4594 626.6384 626.7863 626.8965 627.0438 627.0634 627.2375 627.2241 627.2325 627.3746 627.4766 627.5483 627.7696 627.8101 627.8904 627.9441 628.0323 628.1805 628.3481 628.4458 628.4785 628.7229 628.88 628.7661 628.8992 629.0387 629.0768 629.15 629.1718 629.2559 629.4249 629.5344 629.4965 629.524 629.6426 629.6685 629.7567 629.7552
624.7388 624.696 624.7808 624.8926 624.9741 625.0416 625.0209 625.0728 625.2458 625.3292 625.3573 625.3812 625.4791 625.6996 625.9395 626.3018 626.5725 626.663 626.6957 626.5906 626.4554 626.363 626.3193 626.4478 626.5441 626.6071 626.8536 626.9595 627.102 627.251 627.2636 627.3002 627.2847 627.4237 627.548 627.6063 627.7086 627.8357 627.9444 628.0567 628.1355 628.1828 628.2748 628.3632 628.5033 628.5356 628.6388 628.7261 628.6946 628.8725 629.0469 629.0463 629.1434 629.2924 629.4273 629.4571 629.5656 629.6207 629.5736 629.5773 629.7159 629.7443 629.7148
625.1456 625.063 625.1462 625.2433 625.3279 625.3851 625.4273 625.4607 625.4873 625.5411 625.7479 626.0376 626.2916 626.5815 626.6512 626.6246 626.5256 626.4113 626.3409 626.4066 626.4987 626.5878 626.6498 626.7719 626.8918 626.8842 626.9093 627.0275 627.2138 627.3855 627.3792 627.39 627.4122 627.5825 627.6987 627.7725 627.8182 627.9357 628.0256 628.1385 628.2303 628.3357 628.3621 628.3977 628.4542 628.6168 628.7104 628.7521 628.7592 629.0143 629.0962 629.1453 629.2527 629.4033 629.4363 629.4406 629.5323 629.6114 629.576 629.5533 629.6121 629.6359 629.5486
625.4232 625.4298 625.4199 625.4986 625.574 625.6285 625.7325 625.925 626.2072 626.394 626.5908 626.6213 626.5753 626.421 626.3621 626.4238 626.4292 626.4933 626.6162 626.7125 626.8541 626.8915 626.936 626.9902 627.0151 626.9977 627.0177 627.1599 627.3192 627.4937 627.4849 627.5084 627.5648 627.7217 627.8211 627.9427 627.9712 628.0516 628.162 628.2356 628.3331 628.3932 628.3611 628.4432 628.5452 628.6011 628.7048 628.8196 628.9316 629.0766 629.1595 629.2076 629.2701 629.4196 629.4467 629.4172 629.4617 629.537 629.5794 629.5348 629.6259 629.6718 629.785
625.6135 625.6243 625.7515 625.9288 626.1268 626.3359 626.5437 626.6536 626.6072 626.5383 626.4614 626.4493 626.4506 626.4852 626.6002 626.6662 626.7424 626.8104 626.8307 626.8441 626.8574 627.0024 627.0664 627.1063 627.1201 627.1105 627.2215 627.2922 627.465 627.5712 627.5837 627.5997 627.7015 627.7833 627.88 627.973 627.9844 628.0877 628.2308 628.3334 628.3699 628.4077 628.4569 628.5361 628.5865 628.5823 628.7553 628.9016 628.9644 629.0979 629.2149 629.269 629.252 629.3243 629.4377 629.4696 629.4396 629.4299 629.5335 629.5967 629.6702 629.6172 629.6846
626.269 626.4005 626.5885 626.6738 626.7433 626.6542 626.5407 626.4232 626.4554 626.5225 626.5555 626.6102 626.7397 626.8115 626.7779 626.7772 626.7906 626.8187 626.8531 626.9112 627.0096 627.0949 627.1234 627.196 627.2397 627.2751 627.3126 627.3879 627.4843 627.6802 627.6786 627.6524 627.7177 627.7708 627.9702 628.0748 628.1003 628.199 628.316 628.3165 628.3623 628.4399 628.4815 628.5807 628.6501 628.6823 628.8649 628.9651 629.0537 629.0577 629.2512 629.2806 629.1898 629.1917 629.2687 629.3668 629.3502 629.3724 629.4736 629.5742 629.5561 629.5807 629.6556
626.8283 626.8599 626.6855 626.6833 626.5942 626.3923 626.3426 626.5301 626.6021 626.8048 626.771 626.7642 626.7872 626.7697 626.7689 626.8376 626.9139 626.9293 627.0023 627.0607 627.0799 627.1464 627.2814 627.4078 627.408 627.3409 627.3744 627.446 627.5477 627.7816 627.7804 627.7447 627.7108 627.8049 628.0662 628.1332 628.1634 628.2289 628.281 628.2994 628.4045 628.4536 628.5157 628.611 628.667 628.7449 628.8785 628.9962 629.0714 629.0921 629.0649 629.2201 629.1111 629.1172 629.212 629.2912 629.348 629.3913 629.4146 629.4651 629.5145 629.6085 629.6099
626.5945 626.7425 626.6852 626.6111 626.5343 626.5808 626.7068 626.7367 626.7983 626.8326 626.8788 626.9117 626.8777 626.8485 626.8909 626.9911 627.0515 627.1011 627.156 627.1917 627.248 627.3176 627.42 627.5183 627.5065 627.4246 627.4302 627.5314 627.7202 627.7954 627.8423 627.8563 627.7354 627.9223 628.1066 628.1923 628.2126 628.2009 628.2457 628.3422 628.468 628.5286 628.5519 628.5987 628.6092 628.7783 628.837 628.89 629.0087 629.1045 629.0582 629.0797 629.0722 629.059 629.2 629.3062 629.3444 629.3585 629.3882 629.412 629.5061 629.5849 629.5837
627.0681 626.988 626.9208 626.748 626.7018 626.7661 626.8311 626.8696 626.9424 627.0328 627.0488 627.0778 627.0867 627.0934 627.0494 627.0967 627.1505 627.2283 627.325 627.386 627.4072 627.4518 627.4981 627.5343 627.5236 627.5211 627.512 627.5867 627.7472 627.8414 627.909 627.897 627.8557 628.0507 628.1101 628.1843 628.1606 628.202 628.2969 628.3672 628.4885 628.5813 628.601 628.6008 628.6066 628.7788 628.8406 628.8069 628.8392 628.9551 629.077 628.9852 628.9887 629.0435 629.1088 629.252 629.2568 629.2825 629.3007 629.2805 629.3299 629.4251 629.4775
627.2231 627.1473 627.0508 626.9352 626.8867 626.905 627.0082 627.0364 627.0983 627.1348 627.1754 627.2158 627.2447 627.2093 627.2411 627.2319 627.1945 627.2631 627.3525 627.3973 627.4294 627.4942 627.5244 627.5485 627.5294 627.5013 627.5767 627.6452 627.7637 627.9035 627.9305 627.9457 628.0329 628.0096 628.0952 628.1675 628.1882 628.265 628.333 628.3929 628.4686 628.607 628.6721 628.6359 628.6353 628.6993 628.7245 628.7637 628.7966 628.8428 628.9877 628.9727 628.9943 629.0628 629.0622 629.1315 629.1364 629.1391 629.1978 629.2558 629.2495 629.371 629.3801
627.2791 627.2237 627.143 627.0906 627.1161 627.0966 627.1149 627.1709 627.1711 627.1704 627.2078 627.2345 627.2387 627.2834 627.2623 627.201 627.1784 627.2208 627.3382 627.4525 627.4907 627.5383 627.5613 627.5549 627.562 627.6027 627.715 627.7321 627.7713 627.9383 628.0525 628.0283 628.0822 628.0237 628.0724 628.1935 628.2281 628.2721 628.3879 628.4445 628.4503 628.5786 628.6496 628.5841 628.5443 628.5745 628.6129 628.6011 628.6742 628.7632 628.8502 628.9792 628.9565 629.0155 629.0527 629.0483 629.0953 629.1041 629.1511 629.2015 629.2081 629.2623 629.3776
627.3234 627.2673 627.2373 627.2308 627.2927 627.2951 627.3033 627.2784 627.2675 627.2401 627.2248 627.2835 627.32 627.3317 627.3052 627.2775 627.2961 627.3867 627.4252 627.5465 627.5233 627.5634 627.5472 627.502 627.5443 627.6274 627.7343 627.7542 627.8151 627.916 628.1043 628.1342 628.0817 627.9714 628.009 628.1836 628.2714 628.3502 628.4247 628.4172 628.3908 628.447 628.5269 628.5341 628.4492 628.4326 628.5015 628.5047 628.5586 628.5969 628.762 628.8383 628.9119 628.9058 628.9374 628.9307 628.9897 629.0494 629.0878 629.1685 629.1857 629.1836 629.2979
627.3557 627.3491 627.3471 627.3629 627.3505 627.3839 627.4127 627.3599 627.3356 627.3345 627.2997 627.3564 627.3883 627.3478 627.3546 627.4487 627.4929 627.5063 627.5595 627.5209 627.533 627.5357 627.5142 627.5152 627.5645 627.6673 627.7218 627.7723 627.8264 627.9227 628.11 628.173 628.2129 628.0571 628.1008 628.1804 628.2631 628.3088 628.3522 628.3457 628.2661 628.3323 628.3834 628.4141 628.4637 628.3954 628.3868 628.4893 628.5424 628.5014 628.6529 628.7906 628.8166 628.7652 628.8085 628.8435 628.9244 628.9789 629.0395 629.0734 629.0993 629.1392 629.2309
627.4027 627.4347 627.4647 627.5131 627.4639 627.4315 627.4513 627.4598 627.4352 627.3842 627.3856 627.4462 627.4506 627.4179 627.4622 627.5096 627.5822 627.5596 627.5325 627.5178 627.4982 627.5374 627.5335 627.5679 627.5786 627.6747 627.7471 627.7275 627.51 627.8104 628.1395 628.1982 628.2422 628.1139 628.0035 628.1385 628.2048 628.2116 628.2205 628.2219 628.1582 628.2261 628.3091 628.3527 628.3852 628.328 628.3255 628.3904 628.421 628.407 628.491 628.6869 628.6528 628.7053 628.6137 628.7795 628.8517 628.8952 628.9473 628.9554 628.9677 629.0391 629.1094
627.4602 627.4258 627.4496 627.55 627.5282 627.5014 627.5444 627.5154 627.4346 627.4148 627.4468 627.4997 627.5212 627.468 627.4343 627.5131 627.5184 627.5679 627.5688 627.5074 627.5013 627.5408 627.556 627.5588 627.6285 627.702 627.786 627.4415 627.6375 628.0351 628.1891 628.2061 628.2003 628.0607 627.961 628.1354 628.1387 628.1076 628.1204 628.2134 628.1103 628.1386 628.2012 628.2505 628.1711 628.1215 628.1773 628.2537 628.2651 628.2568 628.2584 628.4105 628.5913 628.5966 628.6096 628.6292 628.6942 628.7766 628.7831 628.8044 628.8398 628.9628 629.0563
627.5405 627.4706 627.4006 627.4844 627.6032 627.6047 627.5681 627.4974 627.4451 627.4758 627.5418 627.549 627.5456 627.5063 627.4216 627.4485 627.5234 627.5773 627.517 627.4705 627.4969 627.5387 627.5814 627.6149 627.6356 627.6864 627.743 627.8156 627.9538 628.0984 628.2169 628.1946 628.1656 627.9484 627.9405 627.9882 628.0417 628.092 628.0156 628.1279 628.1243 628.0635 628.1364 628.1741 628.1281 628.1243 628.1328 628.1769 628.1349 628.1347 628.1716 628.2719 628.4078 628.4709 628.5784 628.5726 628.657 628.6823 628.7101 628.7098 628.754 628.8114 628.903
627.5317 627.5375 627.5187 627.5381 627.6207 627.6043 627.564 627.5167 627.5236 627.6029 627.5657 627.5847 627.5378 627.5425 627.3849 627.4398 627.4808 627.5039 627.4904 627.4974 627.5365 627.5517 627.5703 627.6041 627.6191 627.6442 627.6867 627.7206 627.9268 628.1038 628.2042 628.1665 628.0967 627.9061 627.9273 627.9671 627.9973 628.0237 627.9523 627.9697 628.0146 627.9753 627.9778 628.0064 628.0447 628.004 628.0391 627.9858 627.91 627.9374 628.0314 628.1483 628.2154 628.3201 628.4191 628.5109 628.4771 628.638 628.6331 628.6115 628.6408 628.7346 628.7719
627.6143 627.5814 627.564 627.5781 627.6031 627.6288 627.5603 627.5717 627.6048 627.6227 627.5673 627.5901 627.5409 627.4936 627.4138 627.4411 627.4053 627.4346 627.4824 627.5283 627.5419 627.556 627.5572 627.5905 627.6254 627.6253 627.6669 627.6984 627.9589 628.1069 628.1301 628.0883 628.0394 627.9578 627.874 627.8673 627.9205 627.8795 627.9111 627.8975 627.8858 627.8651 627.8732 627.8721 627.8526 627.8148 627.7832 627.7619 627.788 627.8235 627.9271 628.0417 628.1125 628.1431 628.3254 628.4113 628.3989 628.4448 628.5278 628.5179 628.5255 628.5903 628.6566
627.6995 627.6478 627.564 627.5334 627.5349 627.5958 627.5988 627.6207 627.6699 627.5476 627.5173 627.5156 627.5121 627.4998 627.4292 627.4048 627.377 627.4221 627.4463 627.3987 627.4813 627.5774 627.5673 627.5608 627.5966 627.5626 627.6097 627.6741 628.02 628.0674 628.0471 627.9955 627.9332 627.7787 627.7538 627.7801 627.8238 627.7987 627.808 627.81 627.7681 627.77 627.7263 627.7216 627.7074 627.6393 627.5812 627.5752 627.6579 627.7394 627.8282 627.9445 628.0717 628.0627 628.0908 628.2722 628.3164 628.3397 628.4078 628.4279 628.4421 628.495 628.5194
627.7023 627.6787 627.5935 627.5709 627.4573 627.4508 627.5447 627.6307 627.5756 627.5261 627.5172 627.5088 627.5531 627.4772 627.4128 627.3878 627.4039 627.4431 627.4141 627.4814 627.5223 627.5693 627.5662 627.5572 627.5311 627.553 627.5777 627.5709 627.8672 627.9425 627.9208 627.8781 627.7744 627.5443 627.5701 627.6252 627.6304 627.6749 627.7015 627.6863 627.6735 627.5946 627.506 627.5562 627.5511 627.5109 627.4943 627.5123 627.5981 627.6938 627.8428 627.8429 627.9666 627.9982 628.0113 628.0862 628.2006 628.2348 628.2621 628.3026 628.3228 628.3906 628.4991
627.6166 627.6182 627.6006 627.5321 627.3856 627.4615 627.5772 627.6409 627.5612 627.4624 627.463 627.4446 627.4253 627.422 627.4044 627.3984 627.4379 627.4382 627.4561 627.4518 627.4882 627.5407 627.5059 627.4843 627.4801 627.5103 627.4576 627.4664 627.7034 627.8049 627.7678 627.723 627.5363 627.403 627.4279 627.3824 627.3779 627.4572 627.527 627.4736 627.3745 627.32 627.2693 627.2665 627.35 627.398 627.39 627.4491 627.5521 627.6703 627.7963 627.8473 627.7994 627.8297 627.8596 627.9612 628.1236 628.1313 628.1246 628.1692 628.234 628.2919 628.3927
627.5902 627.6022 627.6372 627.5986 627.4506 627.4044 627.5354 627.5895 627.4667 627.4344 627.3529 627.3192 627.3676 627.3582 627.3561 627.4015 627.3917 627.4102 627.4014 627.3502 627.3513 627.4125 627.4294 627.401 627.416 627.4543 627.4667 627.3906 627.5589 627.6061 627.5507 627.4704 627.3517 627.2891 627.2711 627.2574 627.2704 627.2301 627.1982 627.1046 627.0594 627.0788 627.1337 627.224 627.3303 627.2881 627.2632 627.3134 627.4429 627.5269 627.5774 627.6482 627.6964 627.7677 627.8273 627.8331 628.0116 628.0573 628.0175 628.009 628.1646 628.2564 628.2543
627.6165 627.582 627.543 627.5119 627.5202 627.5187 627.4536 627.5132 627.4568 627.4141 627.3011 627.3235 627.3519 627.3422 627.3834 627.3939 627.3299 627.3342 627.3582 627.2855 627.2708 627.3238 627.3278 627.3412 627.3568 627.3716 627.3539 627.2974 627.339 627.3511 627.3099 627.2667 627.1946 627.1285 627.1053 627.1129 627.1028 627.0085 626.8768 626.8887 626.893 626.9653 627.0657 627.1279 627.1486 627.0623 627.0687 627.1283 627.2718 627.4061 627.4709 627.5679 627.6442 627.7365 627.8191 627.8766 627.9229 627.9506 627.9058 627.9333 627.9634 628.1277 628.155
627.5584 627.5385 627.4929 627.4988 627.5403 627.4254 627.3387 627.3672 627.4354 627.3652 627.3348 627.3088 627.2927 627.3417 627.3767 627.3117 627.2363 627.1659 627.1693 627.162 627.2075 627.2103 627.202 627.22 627.229 627.2156 627.123 627.1167 627.1303 627.1146 627.0459 627.033 626.9415 626.863 626.8191 626.7739 626.8071 626.7163 626.7034 626.7299 626.8006 626.859 627.0248 627.1167 627.054 626.9832 627.0374 627.0847 627.134 627.2772 627.4047 627.4401 627.5419 627.6668 627.6969 627.7082 627.6967 627.7742 627.79 627.8098 627.8696 627.9516 627.9777
