data/dem5wuest.asc
ncols         237
nrows         147
xllcorner     2523152.9051448
yllcorner     5596023.5075767
cellsize      5
NODATA_value  -9999
[rows 0 to 27 of 147, columns 0 to 62 of 237]
618.8309 618.866 618.9284 618.9586 618.954 618.9479 618.9319 618.9012 618.8928 618.8706 618.8893 618.9188 618.9825 619.0395 619.1392 619.2133 619.2698 619.2963 619.244 619.2087 619.2063 619.1669 619.1677 619.1501 619.1366 619.0961 619.0107 618.902 618.7993 618.7358 618.7136 618.6365 618.6097 618.5768 618.504 618.4281 618.3944 618.5559 618.0068 618.1664 617.8748 617.7653 617.824 617.6934 617.5767 617.3709 617.1327 617.017 617.1718 617.0774 616.4581 616.2187 615.9785 615.7679 615.5132 615.2994 614.9861 614.6301 614.2667 613.8953 613.4476 613.0588 612.5698
618.996 619.0754 619.1093 619.0988 619.1016 619.1382 619.1125 619.0813 619.069 619.0944 619.1354 619.1977 619.2795 619.3847 619.452 619.4563 619.4749 619.4776 619.4795 619.4411 619.3954 619.3799 619.3568 619.3411 619.3154 619.2609 619.1926 619.0346 618.974 618.9325 618.9297 618.869 618.791 618.768 618.7393 618.6714 618.6218 618.5933 618.5085 618.3725 618.1647 617.9247 617.987 617.8944 617.7561 617.6145 617.3583 617.5559 618.0349 617.8185 616.8622 616.2632 616.2012 615.8881 615.6761 615.4575 615.2247 614.8715 614.4925 614.1175 613.6709 613.2882 612.816
619.1958 619.2441 619.2822 619.2487 619.2302 619.2462 619.2357 619.2264 619.2926 619.3227 619.3947 619.4537 619.5345 619.6295 619.7103 619.6917 619.6808 619.6913 619.7444 619.6549 619.6046 619.6281 619.5781 619.5209 619.4898 619.3816 619.3438 619.2488 619.1647 619.1339 619.1165 619.1066 619.0562 619.0316 618.9957 618.9181 618.8702 618.8233 618.7131 618.5926 618.4379 618.1779 618.1097 618.0804 617.912 617.7561 617.7137 618.2006 618.1182 618.0962 617.4028 616.4396 616.2989 616.1747 615.842 615.6382 615.4003 615.1506 614.7989 614.3316 613.9142 613.4948 612.9974
619.3336 619.3652 619.3834 619.3629 619.3661 619.3677 619.3839 619.4491 619.498 619.5755 619.6442 619.7714 619.864 619.8751 619.8671 619.8486 619.9086 619.92 619.9119 619.895 619.8884 619.8337 619.7834 619.7123 619.6486 619.5353 619.4649 619.4362 619.385 619.3679 619.3448 619.3333 619.2872 619.2747 619.2309 619.1473 619.0721 619.0158 618.9028 618.7722 618.6613 618.429 618.2131 618.2049 618.1957 618.1371 618.1281 618.6179 618.3271 618.1996 617.9656 616.9333 617.0614 616.3994 616.0836 615.8121 615.6407 615.3768 615.0449 614.6038 614.187 613.7363 613.2754
619.5063 619.5092 619.502 619.4876 619.4991 619.5291 619.5793 619.6538 619.7811 619.8647 619.9399 619.991 620.02 620.0329 620.0785 620.1347 620.1183 620.0833 620.0518 620.0405 620.0324 620.0181 619.9474 619.8281 619.7755 619.7086 619.6621 619.6065 619.606 619.6292 619.611 619.5825 619.5634 619.4985 619.438 619.3425 619.2595 619.1679 619.0632 618.9677 618.8487 618.6761 618.4277 618.3882 618.3662 618.2382 618.2409 618.6245 618.6459 618.4478 618.2927 617.9809 617.8377 616.994 616.2907 616.0785 615.8577 615.6185 615.2902 614.9029 614.4468 614.0173 613.5657
619.6249 619.6115 619.6151 619.637 619.7095 619.7476 619.8292 619.922 620.0144 620.0967 620.1136 620.1333 620.1827 620.2213 620.2674 620.2737 620.2551 620.2867 620.2745 620.2314 620.1973 620.1344 620.0854 620.0242 619.9805 619.9549 619.9103 619.8818 619.8759 619.8922 619.841 619.8622 619.8233 619.7036 619.6628 619.5677 619.4596 619.3756 619.2485 619.1838 619.076 618.8967 618.6825 618.5678 618.4869 618.35 618.3 618.4644 618.6544 618.5006 618.6312 618.4708 617.8602 617.0933 616.4955 616.3073 616.1182 615.8354 615.5195 615.1662 614.7342 614.3089 613.6903
619.7799 619.7787 619.7971 619.887 619.9352 619.9705 620.0433 620.1403 620.2245 620.2851 620.3302 620.3079 620.3133 620.3926 620.4266 620.4484 620.4866 620.5021 620.4492 620.401 620.3339 620.2635 620.2377 620.2297 620.233 620.1826 620.1219 620.1428 620.1737 620.1641 620.1677 620.1216 620.0488 619.94 619.8209 619.7575 619.6777 619.5415 619.4495 619.3641 619.3207 619.1153 618.8878 618.7432 618.6201 618.4634 618.3553 618.361 618.3028 618.2822 618.204 617.9121 617.4847 617.1044 616.7622 616.5702 616.3253 616.0685 615.7278 615.3759 614.9669 614.4088 613.6809
619.918 619.9246 620.0194 620.0765 620.1726 620.2181 620.2833 620.3669 620.423 620.4675 620.4421 620.4474 620.5272 620.5892 620.6108 620.6258 620.6121 620.6033 620.5562 620.5505 620.5063 620.4579 620.4563 620.4465 620.4388 620.4319 620.4228 620.4184 620.3811 620.3533 620.3909 620.3208 620.2008 620.1376 620.0409 619.9101 619.8071 619.7095 619.6074 619.5164 619.4495 619.3229 619.1327 618.9316 618.7771 618.5889 618.4153 618.2816 618.1028 617.976 617.8245 617.5898 617.4279 617.215 616.9962 616.7404 616.5401 616.2249 615.8983 615.5397 615.1315 614.5524 613.8761
620.124 620.1351 620.2034 620.3026 620.3738 620.4468 620.5182 620.5174 620.5917 620.5908 620.5782 620.6516 620.7319 620.7625 620.7247 620.7029 620.7147 620.6934 620.6827 620.7368 620.6993 620.6726 620.6861 620.6677 620.6441 620.6414 620.6141 620.5832 620.549 620.5276 620.4932 620.4861 620.4121 620.3024 620.1771 620.0308 619.9688 619.8557 619.7679 619.6484 619.5518 619.4388 619.2423 619.1492 619.0573 618.7258 618.5334 618.3577 618.1964 618.0462 617.919 617.8027 617.586 617.3339 617.1501 616.9127 616.6409 616.3695 616.0417 615.6876 615.2641 614.8629 614.2147
620.3314 620.3303 620.3985 620.4969 620.5708 620.6479 620.6956 620.7623 620.8014 620.779 620.7858 620.8425 620.8719 620.8574 620.8788 620.8082 620.8477 620.8809 620.8769 620.8856 620.8906 620.824 620.8242 620.8762 620.89 620.8925 620.8291 620.8218 620.8142 620.8085 620.7624 620.6405 620.5612 620.459 620.2952 620.2057 620.1625 620.0909 619.9611 619.8146 619.6896 619.5384 619.3938 619.2586 619.2227 619.0069 618.7431 618.5594 618.4078 618.2929 618.1696 617.9767 617.813 617.5551 617.2589 617.0568 616.7257 616.4658 616.1684 615.8243 615.3627 615.0032 614.5189
620.5036 620.5171 620.627 620.7026 620.7827 620.8632 620.8749 620.9045 620.883 620.9345 620.9871 620.9952 620.995 620.9965 621.0187 621.0112 621.0211 621.0641 621.1224 621.0941 621.0825 621.0607 621.0232 621.0208 620.9965 621.0234 621.0594 621.0202 621.0374 620.9326 620.8911 620.8184 620.7006 620.5839 620.4633 620.3907 620.3055 620.1774 620.0586 619.9471 619.8046 619.6591 619.4751 619.4023 619.3401 619.1744 618.9211 618.7552 618.5968 618.4521 618.2981 618.1577 617.9193 617.7356 617.4317 617.136 616.7859 616.5159 616.2932 615.968 615.5156 615.0956 614.6177
620.6414 620.7441 620.8315 620.9222 620.9718 620.9373 620.9385 620.9766 621.0409 621.0968 621.1399 621.155 621.1212 621.1331 621.1871 621.1816 621.1638 621.1957 621.2297 621.254 621.268 621.2596 621.1966 621.1602 621.1452 621.1478 621.137 621.1359 621.1168 621.0638 621.0034 620.9323 620.7835 620.6758 620.6335 620.4919 620.4618 620.3557 620.1964 620.0594 619.9688 619.8062 619.6558 619.5201 619.4697 619.2991 619.099 618.8823 618.7206 618.5852 618.4501 618.3032 618.0804 617.8279 617.5655 617.2584 616.8842 616.5972 616.3798 616.0422 615.6063 615.2141 614.4778
620.8817 621.0219 621.0258 621.0453 621.0406 621.0536 621.0609 621.1605 621.1693 621.2357 621.296 621.2719 621.2755 621.3146 621.3959 621.4172 621.4192 621.3859 621.4147 621.4291 621.4043 621.3549 621.3284 621.295 621.278 621.298 621.3005 621.2778 621.2542 621.2062 621.1596 621.0376 620.9049 620.8648 620.7853 620.6722 620.5248 620.4433 620.3786 620.2363 620.0945 619.9789 619.8324 619.6743 619.6395 619.4276 619.2126 619.0739 618.8614 618.7438 618.6086 618.4229 618.1904 617.8929 617.6451 617.4074 617.0439 616.7065 616.4696 616.1484 615.7613 615.0353 614.3923
621.0591 621.1035 621.1458 621.1525 621.1411 621.1613 621.2638 621.3475 621.3894 621.4036 621.4268 621.4099 621.4454 621.4705 621.512 621.5251 621.5516 621.5623 621.5536 621.6011 621.5211 621.4957 621.481 621.5081 621.5019 621.4705 621.4544 621.4068 621.3448 621.3253 621.2539 621.1782 621.055 620.9725 620.8979 620.7952 620.7036 620.6186 620.5247 620.4243 620.3161 620.1822 620.0154 619.7814 619.7108 619.5513 619.3344 619.2055 619.0524 618.913 618.733 618.5446 618.2897 618.0078 617.7678 617.5339 617.2659 616.9393 616.6373 616.0203 615.6569 615.0787 614.6563
621.24 621.2413 621.2742 621.3097 621.3483 621.4001 621.4596 621.5361 621.5167 621.5245 621.5813 621.5907 621.6438 621.6497 621.6446 621.7598 621.7645 621.7446 621.7557 621.7416 621.6744 621.6765 621.6743 621.6795 621.7188 621.6783 621.6155 621.5635 621.4823 621.4194 621.3861 621.3536 621.2359 621.1077 620.981 620.886 620.83 620.7919 620.6775 620.5787 620.457 620.3231 620.137 619.882 619.7921 619.6509 619.5077 619.3824 619.2037 619.0543 618.8649 618.6233 618.3896 618.17 617.9401 617.6836 617.4212 616.8751 616.411 616.0833 615.7042 615.4274 615.2054
621.3687 621.4305 621.4684 621.4733 621.5175 621.5714 621.6339 621.6606 621.6607 621.6447 621.7299 621.7806 621.8125 621.8314 621.8484 621.9223 621.9319 621.8969 621.9001 621.8897 621.8652 621.8616 621.8585 621.9065 621.923 621.8817 621.7834 621.7122 621.6487 621.5995 621.5651 621.4615 621.4047 621.2881 621.199 621.0596 620.9728 620.9074 620.8196 620.6919 620.5513 620.399 620.283 620.092 619.9474 619.8118 619.6708 619.554 619.4023 619.1685 618.9849 618.7972 618.5322 618.3344 618.1089 617.8031 617.2018 616.9777 616.6162 616.2615 615.9372 615.6753 615.2901
621.5127 621.5433 621.561 621.6072 621.6557 621.6814 621.7313 621.7901 621.8011 621.7949 621.8234 621.8953 621.9608 621.9939 622.0369 622.1092 622.0944 622.0801 622.0456 622.0206 622.0225 622.0509 622.0579 622.0662 622.0717 622.0026 621.891 621.8588 621.8281 621.7687 621.7062 621.5963 621.4971 621.4401 621.3535 621.2483 621.1311 621.0309 620.9186 620.8145 620.6549 620.5037 620.3778 620.2568 620.186 620.0203 619.8551 619.6771 619.5511 619.305 619.1528 618.9434 618.7635 618.5341 618.2276 617.6307 617.5489 617.0687 617.1469 616.5245 616.1418 615.7722 615.4369
621.6976 621.723 621.7473 621.7595 621.7874 621.7944 621.8347 621.8908 621.9553 621.9976 622.0305 622.072 622.1803 622.2275 622.2418 622.2576 622.2656 622.2508 622.263 622.1672 622.1896 622.1912 622.1588 622.1381 622.1234 622.0549 622.043 622.0248 621.9794 621.9313 621.84 621.7463 621.619 621.5574 621.4948 621.3326 621.2788 621.1868 620.9988 620.8942 620.7795 620.6816 620.5505 620.4119 620.3868 620.2529 620.0019 619.8167 619.6191 619.4583 619.249 619.056 618.9059 618.5075 617.9034 617.9551 617.7114 617.3485 617.1375 616.7072 616.3572 616.0381 615.7146
621.8321 621.8755 621.8783 621.8657 621.8962 621.925 621.9765 622.0524 622.1057 622.1435 622.1965 622.2855 622.3518 622.4135 622.4442 622.441 622.4189 622.4279 622.412 622.3592 622.3613 622.3503 622.3032 622.2328 622.2173 622.1783 622.1649 622.1531 622.0919 622.0405 621.9916 621.8752 621.767 621.6927 621.563 621.4404 621.3883 621.3218 621.1259 620.9979 620.9202 620.8187 620.7515 620.5822 620.4987 620.4095 620.1093 619.9327 619.7873 619.5863 619.3668 619.252 619.1284 618.2379 618.361 618.0159 617.8615 617.5315 617.1931 616.8283 616.504 616.1623 615.8464
621.993 622.0218 622.0175 622.0146 622.0518 622.0597 622.1265 622.2093 622.2924 622.3749 622.41 622.3856 622.4437 622.5302 622.5717 622.5959 622.6047 622.5903 622.5742 622.5548 622.5612 622.4906 622.4175 622.3567 622.3449 622.341 622.2929 622.2597 622.2336 622.1306 622.0714 621.9725 621.8759 621.7856 621.6349 621.5396 621.5009 621.4379 621.275 621.1243 621.0171 620.9587 620.8962 620.7139 620.605 620.4568 620.2313 620.0018 619.9026 619.7545 619.5588 619.4865 618.6107 618.6782 618.3687 618.1414 617.9545 617.634 617.2877 616.9276 616.6038 616.2625 615.8709
622.1154 622.1573 622.1884 622.1895 622.1928 622.2132 622.3156 622.4265 622.5118 622.5641 622.5547 622.5775 622.652 622.7169 622.73 622.7255 622.7089 622.7257 622.7049 622.7314 622.7583 622.6436 622.5728 622.5119 622.5131 622.5136 622.4858 622.4468 622.3333 622.253 622.164 622.0627 621.9625 621.8702 621.7831 621.6415 621.5901 621.5336 621.4673 621.2861 621.2215 621.1476 621.0195 620.8182 620.7107 620.5837 620.3417 620.0957 620.0034 619.9134 619.8095 619.0014 618.9628 618.8137 618.6888 618.2916 617.987 617.6774 617.3248 616.9764 616.687 616.3259 615.9842
622.1844 622.2507 622.3066 622.3238 622.3954 622.4814 622.5673 622.6494 622.7064 622.7573 622.7521 622.7792 622.89 622.8899 622.8552 622.8572 622.8706 622.8488 622.8187 622.8816 622.8777 622.8344 622.7455 622.7263 622.7092 622.6209 622.5823 622.5347 622.4467 622.3217 622.2501 622.1501 622.0289 621.9578 621.8609 621.7496 621.658 621.6381 621.6313 621.4764 621.2852 621.1847 621.1026 620.9703 620.7877 620.6457 620.4324 620.2195 620.1438 620.0823 619.4952 619.1739 619.0601 619.0773 618.6846 618.4135 618.1464 617.7321 617.3675 617.0815 616.7603 616.3868 616.0243
622.3589 622.3611 622.423 622.5136 622.5862 622.6573 622.7006 622.795 622.885 622.9537 622.9662 622.994 622.9875 622.9686 622.9438 622.952 622.9773 622.949 622.8856 622.872 622.8447 622.9129 622.942 622.8821 622.7969 622.7089 622.6108 622.5732 622.4859 622.3836 622.301 622.2305 622.124 622.0703 622.0222 621.9097 621.804 621.8053 621.7115 621.6148 621.4248 621.2657 621.1419 620.9725 620.9136 620.7328 620.508 620.3611 620.292 620.0157 619.3489 619.3801 619.3668 619.0511 618.7828 618.5062 618.2275 617.7714 617.3956 617.2057 616.8692 616.4041 616.0599
622.5258 622.5786 622.6427 622.7501 622.8159 622.8629 622.9393 622.9917 623.0709 623.143 623.1509 623.0992 623.0825 623.0966 623.0552 623.0378 623.0449 623.0072 622.9708 622.9932 623.0387 623.0602 623.0099 622.9583 622.8879 622.7952 622.6874 622.6016 622.5395 622.4769 622.4181 622.3176 622.2715 622.2062 622.1833 622.1013 621.9532 621.8677 621.7316 621.678 621.4999 621.3611 621.2659 621.0367 620.9479 620.8414 620.6163 620.5118 620.1691 619.6472 619.6454 619.5778 619.53 619.1523 618.8438 618.5546 618.2267 617.8497 617.4313 617.2288 616.9824 616.4128 616.0475
622.6459 622.7496 622.7988 622.8928 623.0258 623.0649 623.1329 623.1871 623.2877 623.2951 623.264 623.2309 623.1921 623.2253 623.2394 623.1552 623.1334 623.157 623.1824 623.224 623.2156 623.186 623.1181 623.0213 622.9487 622.9145 622.7712 622.6595 622.5997 622.5723 622.5541 622.4927 622.4133 622.3568 622.3046 622.1998 622.0748 621.9507 621.8399 621.7223 621.5954 621.4603 621.3662 621.1815 621.0767 620.8958 620.8057 620.7328 620.0516 619.9797 619.6521 619.6483 619.4981 619.2341 618.8998 618.5681 618.266 617.9113 617.4741 617.2286 616.9908 616.5052 616.0854
622.8624 622.9597 623.0444 623.0809 623.126 623.1911 623.2692 623.3257 623.3631 623.3672 623.3524 623.3395 623.3226 623.3589 623.3715 623.3094 623.3448 623.4205 623.4374 623.4062 623.3531 623.2784 623.2086 623.097 623.0358 623.0076 622.9305 622.801 622.7715 622.7188 622.7194 622.6793 622.5999 622.5469 622.4161 622.3187 622.1545 622.0449 621.9309 621.8108 621.7036 621.5668 621.4072 621.2721 621.1943 621.0698 620.9819 620.3645 620.1595 620.1198 619.8264 619.7346 619.5298 619.2201 618.9114 618.6064 618.3038 617.9518 617.5215 617.1237 616.9193 616.5808 616.1584
623.064 623.1677 623.2156 623.2278 623.2631 623.3517 623.3843 623.4337 623.4417 623.4311 623.4332 623.4347 623.4402 623.4523 623.4896 623.4918 623.5176 623.6052 623.6212 623.5654 623.4589 623.3575 623.276 623.1921 623.1299 623.0797 623.0475 622.9906 622.9033 622.85 622.8601 622.8187 622.7352 622.6197 622.4979 622.3689 622.2111 622.137 622.0538 621.9171 621.8235 621.6759 621.494 621.3314 621.3014 621.2365 620.7808 620.5344 620.4252 620.351 619.9979 619.8206 619.5035 619.2134 618.9225 618.6164 618.2539 617.8816 617.568 617.1154 616.8665 616.6494 616.2197
623.2755 623.3014 623.3848 623.3837 623.4078 623.4568 623.459 623.4884 623.5126 623.5374 623.5184 623.5519 623.5615 623.6323 623.6675 623.6442 623.6627 623.6856 623.6835 623.6753 623.5406 623.3989 623.3383 623.3153 623.2813 623.1805 623.1401 623.0574 623.0092 622.9508 622.9245 622.8945 622.8022 622.6656 622.543 622.4644 622.3254 622.2267 622.1437 622.064 621.9227 621.7802 621.617 621.4718 621.4171 621.1698 620.8175 620.683 620.5893 620.3912 620.0806 619.8307 619.489 619.189 618.9547 618.5357 618.1985 617.8766 617.5665 617.1219 616.8405 616.6243 616.2403
