data/tarrawar.asc
ncols		146
nrows 		76
yllcorner 	752.50
xllcorner 	732.50
cellsize	5
NODATA_value	0.00
[rows 0 to 33 of 76, columns 0 to 76 of 146]
0.00 0.00 0.00 0.00 0.00 0.00 0.00 0.00 0.00 0.00 0.00 0.00 0.00 0.00 0.00 0.00 0.00 0.00 0.00 0.00 0.00 0.00 0.00 0.00 0.00 0.00 0.00 0.00 0.00 0.00 0.00 0.00 0.00 0.00 0.00 0.00 0.00 0.00 0.00 0.00 0.00 0.00 0.00 0.00 0.00 0.00 0.00 0.00 0.00 0.00 0.00 0.00 0.00 0.00 0.00 0.00 0.00 0.00 0.00 0.00 0.00 0.00 0.00 0.00 0.00 0.00 0.00 0.00 0.00 0.00 0.00 0.00 0.00 0.00 0.00 0.00 0.00
0.00 0.00 0.00 0.00 0.00 0.00 0.00 0.00 0.00 0.00 0.00 96.32 0.00 0.00 0.00 0.00 0.00 0.00 0.00 0.00 0.00 0.00 0.00 0.00 0.00 0.00 0.00 0.00 0.00 0.00 0.00 0.00 0.00 0.00 0.00 0.00 0.00 0.00 0.00 0.00 0.00 0.00 0.00 0.00 0.00 0.00 0.00 0.00 0.00 0.00 0.00 0.00 0.00 0.00 0.00 0.00 0.00 0.00 0.00 0.00 0.00 0.00 0.00 0.00 0.00 0.00 0.00 0.00 0.00 0.00 0.00 0.00 0.00 0.00 0.00 0.00 0.00
0.00 0.00 0.00 0.00 0.00 0.00 0.00 0.00 0.00 0.00 0.00 96.45 96.67 96.83 97.44 0.00 0.00 0.00 0.00 0.00 0.00 0.00 0.00 0.00 0.00 0.00 0.00 0.00 0.00 0.00 0.00 0.00 0.00 0.00 0.00 0.00 0.00 0.00 0.00 0.00 0.00 0.00 0.00 0.00 0.00 0.00 0.00 0.00 0.00 0.00 0.00 0.00 0.00 0.00 0.00 0.00 0.00 0.00 0.00 0.00 0.00 0.00 0.00 0.00 0.00 0.00 0.00 0.00 0.00 0.00 0.00 0.00 0.00 0.00 0.00 0.00 0.00
0.00 0.00 0.00 0.00 0.00 0.00 0.00 0.00 0.00 0.00 0.00 97.07 96.79 96.96 97.08 97.17 97.22 97.76 0.00 0.00 0.00 0.00 0.00 0.00 0.00 0.00 0.00 0.00 0.00 0.00 0.00 0.00 0.00 0.00 0.00 0.00 0.00 0.00 0.00 0.00 0.00 0.00 0.00 0.00 0.00 0.00 0.00 0.00 0.00 0.00 0.00 0.00 0.00 0.00 0.00 0.00 0.00 0.00 0.00 0.00 0.00 0.00 0.00 0.00 0.00 0.00 0.00 0.00 0.00 0.00 0.00 0.00 0.00 0.00 0.00 0.00 0.00
0.00 0.00 0.00 0.00 0.00 0.00 0.00 0.00 0.00 0.00 0.00 97.21 97.42 97.58 97.20 97.29 97.36 97.41 97.45 97.99 98.02 0.00 0.00 0.00 0.00 0.00 0.00 0.00 0.00 0.00 0.00 0.00 0.00 0.00 0.00 0.00 0.00 0.00 0.00 0.00 0.00 0.00 0.00 0.00 0.00 0.00 0.00 0.00 0.00 0.00 0.00 0.00 0.00 0.00 0.00 0.00 0.00 0.00 0.00 0.00 0.00 0.00 0.00 0.00 0.00 0.00 0.00 0.00 0.00 0.00 0.00 0.00 0.00 0.00 0.00 0.00 0.00
0.00 0.00 0.00 0.00 0.00 0.00 0.00 0.00 0.00 0.00 97.12 97.35 97.54 97.69 97.80 97.89 97.96 97.52 97.57 97.62 97.67 97.72 98.27 98.33 0.00 0.00 0.00 0.00 0.00 0.00 0.00 0.00 0.00 0.00 0.00 0.00 0.00 0.00 0.00 0.00 0.00 0.00 0.00 0.00 0.00 0.00 0.00 0.00 0.00 0.00 0.00 0.00 0.00 0.00 0.00 0.00 0.00 0.00 0.00 0.00 0.00 0.00 0.00 0.00 0.00 0.00 0.00 0.00 0.00 0.00 0.00 0.00 0.00 0.00 0.00 0.00 0.00
0.00 0.00 0.00 0.00 0.00 0.00 0.00 0.00 0.00 0.00 97.28 97.49 97.66 97.79 97.90 97.98 98.04 98.11 98.17 97.73 97.79 97.86 97.92 97.99 98.07 98.65 98.73 0.00 0.00 0.00 0.00 0.00 0.00 0.00 0.00 0.00 0.00 0.00 0.00 0.00 0.00 0.00 0.00 0.00 0.00 0.00 0.00 0.00 0.00 0.00 0.00 0.00 0.00 0.00 0.00 0.00 0.00 0.00 0.00 0.00 0.00 0.00 0.00 0.00 0.00 0.00 0.00 0.00 0.00 0.00 0.00 0.00 0.00 0.00 0.00 0.00 0.00
0.00 0.00 0.00 0.00 0.00 0.00 0.00 0.00 0.00 0.00 97.44 97.63 97.78 97.89 97.97 98.04 98.11 98.17 98.24 98.31 98.38 98.46 98.04 98.12 98.21 98.31 98.40 98.99 99.06 99.11 0.00 0.00 0.00 0.00 0.00 0.00 0.00 0.00 0.00 0.00 0.00 0.00 0.00 0.00 0.00 0.00 0.00 0.00 0.00 0.00 0.00 0.00 0.00 0.00 0.00 0.00 0.00 0.00 0.00 0.00 0.00 0.00 0.00 0.00 0.00 0.00 0.00 0.00 0.00 0.00 0.00 0.00 0.00 0.00 0.00 0.00 0.00
0.00 0.00 0.00 0.00 0.00 0.00 0.00 0.00 0.00 97.36 97.58 97.75 97.88 97.97 98.04 98.10 98.16 98.22 98.30 98.37 98.45 98.53 98.61 98.70 98.80 98.41 98.52 98.63 98.72 98.81 99.38 99.44 99.49 0.00 0.00 0.00 0.00 0.00 0.00 0.00 0.00 0.00 0.00 0.00 0.00 0.00 0.00 0.00 0.00 0.00 0.00 0.00 0.00 0.00 0.00 0.00 0.00 0.00 0.00 0.00 0.00 0.00 0.00 0.00 0.00 0.00 0.00 0.00 0.00 0.00 0.00 0.00 0.00 0.00 0.00 0.00 0.00
0.00 0.00 0.00 0.00 0.00 0.00 0.00 0.00 0.00 97.50 97.71 97.86 97.97 98.05 98.10 98.15 98.21 98.27 98.34 98.42 98.50 98.58 98.66 98.75 98.85 98.95 99.07 98.70 98.82 98.93 99.03 99.12 99.21 99.78 99.82 99.82 0.00 0.00 0.00 0.00 0.00 0.00 0.00 0.00 0.00 0.00 0.00 0.00 0.00 0.00 0.00 0.00 0.00 0.00 0.00 0.00 0.00 0.00 0.00 0.00 0.00 0.00 0.00 0.00 0.00 0.00 0.00 0.00 0.00 0.00 0.00 0.00 0.00 0.00 0.00 0.00 0.00
0.00 0.00 0.00 0.00 0.00 0.00 0.00 0.00 0.00 97.61 97.81 97.95 98.04 98.11 98.16 98.20 98.25 98.31 98.38 98.46 98.54 98.61 98.69 98.77 98.86 98.96 99.08 99.21 99.35 99.50 99.13 99.25 99.36 99.46 99.52 100.04 100.04 100.02 100.02 0.00 0.00 0.00 0.00 0.00 0.00 0.00 0.00 0.00 0.00 0.00 0.00 0.00 0.00 0.00 0.00 0.00 0.00 0.00 0.00 0.00 0.00 0.00 0.00 0.00 0.00 0.00 0.00 0.00 0.00 0.00 0.00 0.00 0.00 0.00 0.00 0.00 0.00
0.00 0.00 0.00 0.00 0.00 0.00 0.00 0.00 97.46 97.70 97.88 98.01 98.10 98.16 98.20 98.24 98.29 98.35 98.41 98.48 98.56 98.63 98.70 98.77 98.85 98.95 99.06 99.18 99.32 99.46 99.60 99.75 99.89 99.51 99.61 99.67 99.70 99.72 100.25 100.31 100.40 0.00 0.00 0.00 0.00 0.00 0.00 0.00 0.00 0.00 0.00 0.00 0.00 0.00 0.00 0.00 0.00 0.00 0.00 0.00 0.00 0.00 0.00 0.00 0.00 0.00 0.00 0.00 0.00 0.00 0.00 0.00 0.00 0.00 0.00 0.00 0.00
0.00 0.00 0.00 0.00 0.00 0.00 0.00 0.00 97.53 97.76 97.93 98.05 98.13 98.19 98.23 98.28 98.32 98.38 98.44 98.51 98.58 98.64 98.71 98.77 98.83 98.91 99.01 99.12 99.25 99.37 99.52 99.67 99.83 99.98 100.11 99.71 99.78 99.83 99.90 99.99 100.12 100.78 100.91 101.01 0.00 0.00 0.00 0.00 0.00 0.00 0.00 0.00 0.00 0.00 0.00 0.00 0.00 0.00 0.00 0.00 0.00 0.00 0.00 0.00 0.00 0.00 0.00 0.00 0.00 0.00 0.00 0.00 0.00 0.00 0.00 0.00 0.00
0.00 0.00 0.00 0.00 0.00 0.00 0.00 0.00 97.58 97.80 97.96 98.07 98.15 98.20 98.25 98.29 98.34 98.40 98.46 98.52 98.59 98.65 98.70 98.76 98.81 98.88 98.96 99.05 99.16 99.27 99.40 99.55 99.70 99.87 100.02 100.15 100.26 100.36 99.97 100.10 100.27 100.45 100.62 100.75 101.31 101.32 101.28 0.00 0.00 0.00 0.00 0.00 0.00 0.00 0.00 0.00 0.00 0.00 0.00 0.00 0.00 0.00 0.00 0.00 0.00 0.00 0.00 0.00 0.00 0.00 0.00 0.00 0.00 0.00 0.00 0.00 0.00
0.00 0.00 0.00 0.00 0.00 0.00 0.00 97.34 97.61 97.82 97.97 98.07 98.14 98.19 98.24 98.29 98.34 98.40 98.46 98.52 98.58 98.63 98.68 98.73 98.77 98.83 98.90 98.98 99.07 99.17 99.27 99.40 99.55 99.71 99.88 100.03 100.18 100.31 100.46 100.62 100.82 100.52 100.72 100.88 100.98 101.01 101.01 101.49 101.47 101.47 0.00 0.00 0.00 0.00 0.00 0.00 0.00 0.00 0.00 0.00 0.00 0.00 0.00 0.00 0.00 0.00 0.00 0.00 0.00 0.00 0.00 0.00 0.00 0.00 0.00 0.00 0.00
0.00 0.00 0.00 0.00 0.00 0.00 0.00 97.36 97.62 97.82 97.96 98.05 98.11 98.15 98.20 98.26 98.32 98.38 98.44 98.49 98.54 98.59 98.63 98.67 98.71 98.77 98.83 98.90 98.98 99.06 99.15 99.26 99.39 99.54 99.71 99.87 100.03 100.19 100.36 100.55 100.76 100.99 101.21 101.39 101.02 101.09 101.13 101.16 101.19 101.22 101.26 101.80 101.86 0.00 0.00 0.00 0.00 0.00 0.00 0.00 0.00 0.00 0.00 0.00 0.00 0.00 0.00 0.00 0.00 0.00 0.00 0.00 0.00 0.00 0.00 0.00 0.00
0.00 0.00 0.00 0.00 0.00 0.00 0.00 97.35 97.61 97.80 97.93 98.01 98.06 98.10 98.15 98.21 98.27 98.34 98.40 98.44 98.48 98.51 98.53 98.57 98.61 98.66 98.73 98.80 98.87 98.95 99.03 99.13 99.24 99.38 99.53 99.70 99.86 100.03 100.20 100.40 100.61 100.84 101.07 101.27 101.42 101.54 101.63 101.21 101.29 101.37 101.45 101.52 101.60 101.70 101.85 102.05 102.28 102.49 102.68 102.81 102.90 102.95 102.99 103.01 103.04 103.07 103.09 103.11 103.14 103.19 103.26 103.34 103.41 103.47 103.48 103.47 103.46
0.00 0.00 0.00 0.00 0.00 0.00 0.00 97.32 97.55 97.73 97.86 97.94 98.00 98.04 98.09 98.15 98.21 98.28 98.33 98.37 98.38 98.39 98.40 98.42 98.46 98.51 98.58 98.66 98.74 98.82 98.90 98.99 99.10 99.22 99.36 99.51 99.67 99.83 99.99 100.17 100.37 100.59 100.81 101.02 101.21 101.37 101.53 101.67 101.82 101.96 102.09 101.70 101.80 101.93 102.09 102.28 102.50 102.72 102.90 103.03 103.12 103.18 103.22 103.25 103.28 103.32 103.34 103.37 103.40 103.45 103.52 103.60 103.67 103.72 103.74 103.73 103.72
0.00 0.00 0.00 0.00 0.00 0.00 96.96 97.25 97.49 97.67 97.80 97.88 97.93 97.97 98.01 98.07 98.14 98.20 98.25 98.27 98.26 98.25 98.23 98.23 98.26 98.31 98.38 98.46 98.55 98.64 98.72 98.81 98.91 99.03 99.16 99.30 99.45 99.61 99.76 99.93 100.11 100.31 100.51 100.72 100.91 101.09 101.27 101.46 101.64 101.83 101.99 102.13 102.26 102.39 102.54 102.73 102.93 103.13 103.31 103.45 103.55 103.61 103.67 103.71 103.75 103.79 103.82 103.85 103.88 103.93 103.99 104.06 104.13 104.17 104.20 104.20 104.19
0.00 0.00 0.00 0.00 0.00 0.00 96.84 97.14 97.40 97.59 97.72 97.80 97.85 97.89 97.94 97.99 98.06 98.11 98.14 98.14 98.11 98.07 98.03 98.01 98.02 98.06 98.13 98.21 98.30 98.39 98.48 98.57 98.67 98.78 98.91 99.05 99.19 99.34 99.50 99.66 99.83 100.02 100.21 100.40 100.59 100.78 100.98 101.19 101.40 101.61 101.80 101.96 102.10 102.24 102.39 102.56 102.75 102.93 103.10 103.23 103.33 103.42 103.48 103.54 103.59 103.64 103.67 103.71 103.74 103.79 103.84 103.89 103.95 103.99 104.01 104.02 104.03
0.00 0.00 0.00 0.00 0.00 0.00 96.69 97.01 97.28 97.49 97.63 97.71 97.77 97.81 97.85 97.90 97.96 97.99 98.00 97.97 97.92 97.85 97.79 97.75 97.74 97.77 97.82 97.89 97.98 98.07 98.16 98.26 98.36 98.47 98.59 98.73 98.88 99.04 99.20 99.37 99.54 99.72 99.90 100.09 100.28 100.48 100.68 100.90 101.12 101.34 101.54 101.71 101.87 102.01 102.16 102.32 102.49 102.65 102.80 102.93 103.04 103.13 103.21 103.28 103.34 103.39 103.43 103.47 103.50 103.54 103.58 103.62 103.65 103.69 103.71 103.73 103.74
0.00 0.00 0.00 0.00 0.00 96.14 96.51 96.85 97.13 97.35 97.51 97.61 97.67 97.72 97.76 97.80 97.83 97.84 97.81 97.75 97.67 97.57 97.49 97.44 97.41 97.42 97.46 97.52 97.59 97.68 97.77 97.87 97.97 98.09 98.21 98.36 98.51 98.68 98.86 99.04 99.22 99.41 99.59 99.78 99.97 100.17 100.38 100.60 100.82 101.04 101.24 101.42 101.58 101.73 101.88 102.03 102.18 102.33 102.46 102.58 102.69 102.79 102.88 102.96 103.03 103.08 103.13 103.16 103.19 103.22 103.24 103.25 103.28 103.30 103.32 103.35 103.37
0.00 0.00 0.00 0.00 0.00 95.92 96.31 96.66 96.96 97.19 97.36 97.48 97.55 97.61 97.65 97.67 97.68 97.64 97.57 97.47 97.35 97.24 97.14 97.07 97.03 97.02 97.04 97.08 97.15 97.23 97.32 97.42 97.53 97.65 97.78 97.93 98.10 98.28 98.48 98.68 98.88 99.07 99.26 99.46 99.65 99.86 100.07 100.29 100.51 100.72 100.92 101.10 101.26 101.42 101.57 101.71 101.85 101.98 102.10 102.22 102.33 102.43 102.53 102.61 102.67 102.73 102.77 102.80 102.82 102.83 102.83 102.83 102.83 102.85 102.87 102.89 102.91
0.00 0.00 0.00 0.00 0.00 95.68 96.08 96.45 96.76 97.01 97.19 97.33 97.42 97.48 97.51 97.52 97.48 97.39 97.27 97.12 96.96 96.82 96.71 96.63 96.58 96.56 96.57 96.59 96.65 96.73 96.83 96.94 97.06 97.18 97.32 97.47 97.64 97.84 98.05 98.27 98.49 98.69 98.89 99.09 99.30 99.51 99.73 99.95 100.17 100.38 100.57 100.75 100.92 101.08 101.23 101.37 101.49 101.61 101.73 101.84 101.96 102.06 102.15 102.23 102.28 102.33 102.36 102.38 102.39 102.39 102.37 102.35 102.34 102.34 102.35 102.37 102.39
0.00 0.00 0.00 0.00 95.03 95.43 95.84 96.21 96.54 96.80 97.00 97.15 97.25 97.32 97.34 97.32 97.23 97.09 96.90 96.70 96.51 96.35 96.22 96.13 96.08 96.05 96.04 96.06 96.11 96.20 96.31 96.43 96.56 96.69 96.83 96.98 97.15 97.36 97.58 97.81 98.04 98.26 98.46 98.67 98.88 99.10 99.34 99.57 99.79 100.00 100.20 100.38 100.55 100.71 100.85 100.99 101.11 101.22 101.33 101.45 101.55 101.65 101.74 101.80 101.84 101.87 101.89 101.90 101.90 101.89 101.86 101.82 101.79 101.77 101.77 101.78 101.80
0.00 0.00 0.00 0.00 94.77 95.18 95.59 95.97 96.30 96.56 96.78 96.94 97.06 97.13 97.14 97.08 96.94 96.73 96.49 96.23 96.00 95.82 95.68 95.58 95.52 95.48 95.47 95.49 95.55 95.64 95.76 95.90 96.04 96.18 96.32 96.47 96.64 96.84 97.07 97.30 97.53 97.75 97.96 98.17 98.40 98.64 98.89 99.14 99.38 99.60 99.81 99.99 100.16 100.32 100.46 100.59 100.71 100.81 100.92 101.02 101.12 101.21 101.28 101.32 101.34 101.35 101.36 101.36 101.35 101.33 101.29 101.23 101.19 101.16 101.14 101.14 101.14
0.00 0.00 0.00 0.00 94.53 94.94 95.34 95.71 96.04 96.31 96.54 96.71 96.83 96.90 96.89 96.79 96.60 96.34 96.03 95.73 95.47 95.26 95.11 95.00 94.93 94.89 94.87 94.90 94.96 95.07 95.20 95.35 95.50 95.64 95.78 95.94 96.10 96.30 96.52 96.75 96.97 97.19 97.40 97.62 97.86 98.11 98.38 98.65 98.91 99.15 99.37 99.56 99.74 99.90 100.04 100.16 100.26 100.36 100.46 100.55 100.64 100.71 100.76 100.78 100.78 100.78 100.77 100.76 100.75 100.71 100.66 100.59 100.53 100.48 100.45 100.44 100.42
0.00 0.00 0.00 93.94 94.31 94.71 95.10 95.47 95.79 96.06 96.29 96.46 96.59 96.65 96.61 96.47 96.23 95.91 95.55 95.21 94.92 94.69 94.53 94.41 94.33 94.28 94.27 94.30 94.38 94.49 94.63 94.78 94.94 95.08 95.23 95.38 95.54 95.73 95.94 96.16 96.38 96.59 96.81 97.03 97.27 97.53 97.82 98.11 98.39 98.65 98.88 99.09 99.27 99.43 99.56 99.68 99.78 99.87 99.95 100.04 100.11 100.16 100.18 100.18 100.17 100.15 100.13 100.12 100.09 100.04 99.97 99.89 99.81 99.74 99.70 99.67 99.65
0.00 0.00 0.00 93.76 94.13 94.51 94.89 95.24 95.55 95.81 96.03 96.21 96.33 96.37 96.30 96.12 95.82 95.46 95.06 94.69 94.38 94.13 93.95 93.82 93.73 93.68 93.67 93.71 93.79 93.90 94.05 94.20 94.35 94.50 94.65 94.80 94.96 95.14 95.34 95.55 95.76 95.97 96.19 96.42 96.66 96.93 97.22 97.52 97.82 98.09 98.34 98.56 98.74 98.90 99.04 99.15 99.25 99.34 99.41 99.48 99.53 99.56 99.57 99.55 99.52 99.49 99.46 99.43 99.39 99.33 99.24 99.14 99.04 98.96 98.90 98.86 98.83
0.00 0.00 0.00 93.63 93.99 94.36 94.72 95.04 95.33 95.58 95.79 95.95 96.05 96.07 95.97 95.74 95.41 95.00 94.58 94.18 93.85 93.59 93.39 93.25 93.15 93.09 93.08 93.12 93.20 93.32 93.45 93.60 93.75 93.90 94.05 94.20 94.36 94.54 94.72 94.92 95.13 95.35 95.57 95.80 96.05 96.33 96.62 96.92 97.22 97.51 97.76 97.99 98.18 98.35 98.48 98.60 98.69 98.78 98.85 98.90 98.93 98.94 98.93 98.89 98.85 98.80 98.76 98.72 98.66 98.58 98.47 98.35 98.24 98.14 98.06 98.01 97.98
0.00 0.00 0.00 93.54 93.90 94.25 94.57 94.87 95.13 95.35 95.54 95.69 95.77 95.75 95.62 95.36 94.99 94.56 94.11 93.69 93.34 93.06 92.84 92.69 92.58 92.51 92.50 92.54 92.62 92.73 92.85 92.99 93.13 93.28 93.43 93.59 93.75 93.92 94.10 94.30 94.51 94.72 94.95 95.19 95.45 95.72 96.01 96.31 96.62 96.91 97.17 97.40 97.59 97.76 97.90 98.01 98.11 98.19 98.26 98.30 98.31 98.30 98.27 98.22 98.15 98.09 98.04 97.97 97.90 97.80 97.68 97.55 97.42 97.31 97.23 97.17 97.14
0.00 0.00 0.00 93.49 93.83 94.16 94.46 94.71 94.93 95.12 95.28 95.40 95.46 95.42 95.26 94.97 94.58 94.13 93.66 93.22 92.85 92.55 92.31 92.14 92.01 91.94 91.93 91.96 92.03 92.13 92.25 92.37 92.51 92.66 92.82 92.98 93.14 93.31 93.48 93.67 93.87 94.09 94.33 94.58 94.84 95.11 95.40 95.71 96.01 96.30 96.56 96.79 96.99 97.15 97.30 97.42 97.52 97.59 97.65 97.68 97.68 97.65 97.60 97.53 97.45 97.37 97.29 97.21 97.11 97.01 96.88 96.75 96.62 96.50 96.41 96.36 96.33
0.00 0.00 0.00 93.45 93.78 94.08 94.33 94.54 94.72 94.87 94.99 95.08 95.11 95.06 94.89 94.60 94.20 93.74 93.26 92.80 92.39 92.06 91.80 91.61 91.47 91.39 91.37 91.39 91.45 91.53 91.64 91.75 91.89 92.04 92.20 92.37 92.54 92.70 92.87 93.05 93.25 93.47 93.71 93.96 94.23 94.50 94.80 95.10 95.41 95.69 95.95 96.18 96.37 96.54 96.68 96.80 96.89 96.97 97.01 97.02 97.00 96.95 96.88 96.79 96.70 96.60 96.51 96.41 96.31 96.20 96.08 95.96 95.83 95.72 95.64 95.58 95.56
0.00 0.00 0.00 93.37 93.69 93.96 94.17 94.34 94.46 94.57 94.65 94.72 94.74 94.68 94.52 94.24 93.86 93.40 92.91 92.43 91.99 91.63 91.33 91.11 90.96 90.86 90.82 90.83 90.88 90.94 91.03 91.14 91.27 91.43 91.60 91.77 91.94 92.10 92.26 92.44 92.63 92.85 93.09 93.35 93.61 93.90 94.19 94.50 94.81 95.09 95.35 95.57 95.75 95.91 96.05 96.16 96.25 96.31 96.33 96.33 96.29 96.22 96.13 96.03 95.92 95.82 95.71 95.61 95.51 95.41 95.30 95.19 95.09 94.99 94.91 94.86 94.84
