data/tarrawar.asc
ncols		146
nrows 		76
yllcorner 	752.50
xllcorner 	732.50
cellsize	5
NODATA_value	0.00
[rows 34 to 67 of 76, columns 0 to 76 of 146]
0.00 0.00 0.00 93.24 93.54 93.77 93.95 94.06 94.14 94.20 94.26 94.31 94.33 94.29 94.16 93.91 93.56 93.12 92.63 92.13 91.66 91.26 90.93 90.67 90.49 90.38 90.32 90.31 90.33 90.37 90.44 90.54 90.68 90.83 91.00 91.18 91.35 91.50 91.66 91.83 92.02 92.24 92.48 92.73 93.00 93.28 93.59 93.90 94.20 94.49 94.73 94.94 95.11 95.26 95.39 95.49 95.57 95.61 95.62 95.59 95.53 95.45 95.35 95.24 95.13 95.02 94.92 94.82 94.72 94.63 94.55 94.46 94.37 94.29 94.23 94.19 94.17
0.00 0.00 0.00 93.02 93.29 93.49 93.63 93.71 93.75 93.78 93.82 93.87 93.90 93.90 93.82 93.63 93.32 92.91 92.42 91.91 91.41 90.96 90.59 90.30 90.09 89.95 89.87 89.83 89.82 89.84 89.89 89.98 90.10 90.25 90.42 90.60 90.76 90.92 91.08 91.24 91.43 91.63 91.86 92.11 92.38 92.67 92.97 93.29 93.59 93.86 94.10 94.29 94.45 94.58 94.70 94.79 94.85 94.88 94.87 94.82 94.75 94.66 94.55 94.45 94.34 94.24 94.14 94.05 93.96 93.88 93.81 93.75 93.68 93.62 93.57 93.54 93.53
0.00 0.00 0.00 92.68 92.93 93.10 93.21 93.27 93.29 93.30 93.34 93.40 93.48 93.52 93.51 93.39 93.14 92.77 92.30 91.78 91.25 90.76 90.34 90.01 89.76 89.59 89.47 89.40 89.36 89.36 89.39 89.45 89.55 89.69 89.85 90.02 90.19 90.35 90.50 90.66 90.84 91.03 91.25 91.49 91.76 92.04 92.35 92.67 92.96 93.23 93.45 93.62 93.76 93.87 93.97 94.05 94.10 94.11 94.09 94.04 93.96 93.86 93.76 93.66 93.57 93.47 93.38 93.30 93.22 93.16 93.10 93.05 93.00 92.96 92.93 92.91 92.91
0.00 0.00 0.00 92.24 92.46 92.61 92.71 92.75 92.77 92.80 92.85 92.95 93.07 93.18 93.23 93.19 93.01 92.69 92.25 91.72 91.16 90.63 90.17 89.79 89.50 89.29 89.14 89.03 88.96 88.93 88.92 88.96 89.04 89.15 89.30 89.46 89.62 89.78 89.94 90.10 90.27 90.45 90.66 90.89 91.14 91.43 91.73 92.04 92.33 92.58 92.78 92.94 93.05 93.15 93.23 93.29 93.32 93.33 93.30 93.25 93.17 93.08 92.99 92.90 92.81 92.72 92.64 92.57 92.51 92.45 92.41 92.37 92.34 92.32 92.31 92.31 92.33
0.00 0.00 0.00 91.70 91.90 92.04 92.13 92.19 92.23 92.28 92.37 92.51 92.69 92.87 93.00 93.03 92.92 92.65 92.23 91.71 91.13 90.57 90.06 89.63 89.29 89.03 88.85 88.71 88.61 88.54 88.50 88.50 88.55 88.63 88.76 88.91 89.07 89.23 89.39 89.55 89.72 89.90 90.09 90.31 90.56 90.84 91.13 91.43 91.71 91.94 92.12 92.26 92.36 92.43 92.49 92.53 92.56 92.55 92.52 92.47 92.40 92.32 92.24 92.16 92.07 92.00 91.93 91.86 91.81 91.77 91.74 91.72 91.71 91.71 91.72 91.75 91.80
0.00 0.00 0.00 91.11 91.28 91.42 91.52 91.60 91.67 91.77 91.91 92.11 92.34 92.59 92.80 92.90 92.85 92.63 92.24 91.72 91.14 90.54 89.99 89.51 89.12 88.83 88.60 88.43 88.30 88.19 88.12 88.08 88.08 88.14 88.24 88.38 88.53 88.69 88.86 89.02 89.18 89.35 89.54 89.76 90.00 90.28 90.56 90.85 91.11 91.32 91.49 91.62 91.70 91.76 91.80 91.82 91.83 91.81 91.77 91.72 91.66 91.59 91.51 91.43 91.36 91.29 91.24 91.19 91.16 91.14 91.13 91.14 91.15 91.18 91.22 91.29 91.37
0.00 0.00 0.00 90.48 90.64 90.79 90.91 91.02 91.14 91.29 91.48 91.73 92.03 92.34 92.60 92.76 92.77 92.59 92.24 91.74 91.15 90.53 89.95 89.43 89.00 88.65 88.39 88.18 88.02 87.88 87.77 87.69 87.66 87.68 87.76 87.87 88.02 88.17 88.34 88.50 88.66 88.83 89.03 89.24 89.48 89.75 90.02 90.29 90.54 90.74 90.90 91.02 91.09 91.14 91.16 91.16 91.14 91.10 91.06 91.00 90.94 90.87 90.80 90.74 90.68 90.62 90.59 90.57 90.57 90.58 90.61 90.64 90.69 90.75 90.83 90.92 91.04
0.00 0.00 0.00 89.87 90.03 90.18 90.33 90.48 90.65 90.85 91.09 91.39 91.74 92.09 92.40 92.61 92.66 92.52 92.20 91.73 91.15 90.54 89.93 89.38 88.90 88.52 88.21 87.97 87.77 87.60 87.46 87.35 87.28 87.27 87.32 87.41 87.54 87.68 87.84 88.00 88.16 88.34 88.53 88.75 88.99 89.25 89.51 89.77 90.00 90.19 90.35 90.45 90.52 90.56 90.56 90.53 90.48 90.42 90.36 90.30 90.24 90.18 90.12 90.08 90.04 90.01 90.01 90.03 90.07 90.12 90.19 90.26 90.34 90.44 90.54 90.67 90.82
0.00 0.00 0.00 89.30 89.46 89.63 89.82 90.01 90.22 90.47 90.76 91.10 91.47 91.86 92.20 92.43 92.52 92.42 92.13 91.69 91.14 90.54 89.93 89.35 88.85 88.42 88.07 87.79 87.55 87.35 87.18 87.04 86.95 86.91 86.93 87.00 87.10 87.23 87.37 87.52 87.69 87.87 88.07 88.29 88.53 88.78 89.03 89.27 89.48 89.66 89.80 89.90 89.97 89.99 89.97 89.92 89.85 89.77 89.69 89.62 89.56 89.52 89.49 89.48 89.47 89.49 89.52 89.59 89.67 89.77 89.87 89.98 90.10 90.22 90.36 90.51 90.68
0.00 0.00 0.00 88.78 88.96 89.17 89.39 89.63 89.88 90.16 90.48 90.85 91.24 91.64 91.99 92.25 92.35 92.28 92.04 91.63 91.12 90.54 89.93 89.35 88.82 88.36 87.97 87.64 87.37 87.13 86.93 86.77 86.66 86.60 86.60 86.64 86.72 86.82 86.94 87.08 87.24 87.42 87.63 87.86 88.09 88.33 88.56 88.78 88.97 89.13 89.25 89.35 89.40 89.41 89.38 89.31 89.22 89.13 89.05 88.99 88.95 88.94 88.94 88.97 89.01 89.07 89.15 89.25 89.38 89.51 89.66 89.80 89.95 90.10 90.25 90.42 90.61
0.00 0.00 0.00 88.33 88.55 88.80 89.07 89.35 89.64 89.95 90.29 90.67 91.07 91.47 91.82 92.07 92.18 92.13 91.92 91.56 91.08 90.53 89.95 89.37 88.82 88.33 87.90 87.53 87.21 86.94 86.72 86.54 86.41 86.33 86.31 86.32 86.37 86.44 86.54 86.66 86.82 87.00 87.21 87.44 87.67 87.90 88.10 88.29 88.45 88.59 88.69 88.77 88.81 88.81 88.77 88.70 88.62 88.53 88.46 88.43 88.42 88.45 88.50 88.57 88.66 88.77 88.89 89.03 89.18 89.35 89.52 89.69 89.86 90.03 90.21 90.41 90.62
0.00 0.00 0.00 87.96 88.22 88.53 88.85 89.17 89.51 89.84 90.20 90.58 90.97 91.35 91.68 91.92 92.03 91.99 91.80 91.47 91.03 90.52 89.97 89.40 88.84 88.32 87.85 87.44 87.08 86.78 86.53 86.33 86.19 86.10 86.05 86.04 86.05 86.09 86.16 86.27 86.42 86.60 86.82 87.04 87.26 87.47 87.65 87.80 87.93 88.04 88.12 88.18 88.20 88.20 88.17 88.12 88.05 88.00 87.96 87.96 88.00 88.08 88.18 88.30 88.43 88.57 88.72 88.89 89.07 89.25 89.45 89.64 89.84 90.04 90.25 90.47 90.71
0.00 0.00 0.00 87.66 87.99 88.35 88.73 89.11 89.48 89.84 90.20 90.57 90.95 91.30 91.60 91.82 91.91 91.86 91.68 91.38 90.97 90.50 89.97 89.41 88.85 88.31 87.81 87.36 86.97 86.63 86.35 86.13 85.98 85.87 85.81 85.77 85.76 85.77 85.82 85.92 86.06 86.24 86.45 86.66 86.86 87.04 87.20 87.32 87.42 87.50 87.56 87.60 87.62 87.62 87.61 87.58 87.56 87.55 87.57 87.62 87.71 87.82 87.96 88.12 88.28 88.45 88.63 88.82 89.01 89.22 89.44 89.67 89.90 90.14 90.39 90.65 90.92
0.00 0.00 0.00 87.44 87.84 88.27 88.71 89.13 89.54 89.92 90.29 90.65 91.00 91.32 91.58 91.75 91.82 91.76 91.58 91.28 90.90 90.45 89.94 89.40 88.85 88.30 87.78 87.29 86.86 86.49 86.19 85.95 85.77 85.65 85.57 85.51 85.48 85.48 85.51 85.59 85.72 85.90 86.09 86.29 86.47 86.62 86.75 86.85 86.93 86.99 87.03 87.06 87.08 87.10 87.12 87.13 87.16 87.21 87.28 87.38 87.51 87.66 87.83 88.02 88.21 88.40 88.60 88.81 89.03 89.27 89.52 89.79 90.06 90.35 90.64 90.94 91.26
0.00 0.00 0.00 87.31 87.77 88.26 88.76 89.23 89.66 90.06 90.44 90.78 91.10 91.38 91.60 91.73 91.75 91.67 91.47 91.18 90.81 90.38 89.89 89.37 88.82 88.27 87.73 87.22 86.77 86.36 86.03 85.77 85.57 85.43 85.34 85.27 85.22 85.20 85.22 85.29 85.40 85.56 85.73 85.91 86.06 86.19 86.30 86.38 86.45 86.51 86.55 86.59 86.63 86.67 86.72 86.78 86.86 86.96 87.08 87.23 87.39 87.57 87.76 87.97 88.18 88.40 88.63 88.87 89.12 89.40 89.69 90.01 90.33 90.67 91.01 91.36 91.71
0.00 0.00 0.00 87.28 87.79 88.33 88.87 89.37 89.83 90.24 90.61 90.94 91.23 91.46 91.63 91.72 91.70 91.58 91.37 91.07 90.71 90.28 89.81 89.30 88.76 88.22 87.67 87.15 86.67 86.24 85.88 85.59 85.37 85.22 85.11 85.03 84.98 84.95 84.95 85.00 85.09 85.22 85.37 85.51 85.64 85.76 85.85 85.94 86.01 86.08 86.14 86.20 86.25 86.32 86.41 86.51 86.64 86.78 86.94 87.12 87.31 87.51 87.73 87.96 88.21 88.47 88.73 89.01 89.31 89.63 89.97 90.33 90.71 91.09 91.47 91.86 92.24
0.00 0.00 0.00 87.33 87.87 88.45 89.01 89.54 90.00 90.42 90.78 91.08 91.34 91.54 91.66 91.69 91.64 91.49 91.25 90.95 90.58 90.16 89.70 89.20 88.68 88.15 87.61 87.08 86.58 86.12 85.73 85.41 85.17 85.00 84.88 84.80 84.74 84.70 84.69 84.72 84.78 84.87 84.99 85.11 85.22 85.33 85.43 85.53 85.62 85.71 85.79 85.88 85.96 86.06 86.17 86.31 86.47 86.65 86.84 87.05 87.27 87.50 87.75 88.02 88.31 88.62 88.93 89.25 89.59 89.96 90.34 90.74 91.15 91.57 91.98 92.39 92.79
0.00 0.00 0.00 87.45 88.02 88.61 89.17 89.70 90.16 90.56 90.91 91.20 91.42 91.58 91.65 91.64 91.55 91.37 91.12 90.80 90.43 90.01 89.56 89.08 88.58 88.06 87.53 87.00 86.48 86.01 85.59 85.24 84.97 84.78 84.65 84.57 84.50 84.46 84.44 84.44 84.47 84.53 84.61 84.71 84.81 84.92 85.04 85.16 85.28 85.40 85.51 85.62 85.73 85.85 85.99 86.15 86.34 86.55 86.78 87.02 87.27 87.54 87.84 88.17 88.51 88.87 89.23 89.60 89.97 90.36 90.77 91.20 91.63 92.07 92.49 92.91 93.32
0.00 0.00 0.00 0.00 88.19 88.77 89.32 89.83 90.28 90.67 90.99 91.26 91.45 91.57 91.61 91.56 91.43 91.23 90.95 90.63 90.26 89.85 89.41 88.95 88.46 87.95 87.43 86.91 86.39 85.89 85.44 85.07 84.78 84.57 84.43 84.33 84.27 84.22 84.18 84.16 84.16 84.19 84.25 84.34 84.44 84.57 84.71 84.85 85.00 85.14 85.28 85.41 85.54 85.68 85.85 86.04 86.25 86.49 86.76 87.04 87.34 87.67 88.02 88.41 88.81 89.22 89.62 90.02 90.42 90.82 91.24 91.67 92.11 92.55 92.98 93.39 93.80
0.00 0.00 0.00 0.00 88.37 88.92 89.44 89.92 90.35 90.72 91.02 91.26 91.43 91.52 91.52 91.44 91.28 91.05 90.77 90.44 90.07 89.67 89.24 88.79 88.32 87.83 87.32 86.80 86.28 85.78 85.31 84.91 84.59 84.36 84.20 84.10 84.03 83.98 83.93 83.89 83.88 83.89 83.93 84.02 84.13 84.28 84.44 84.61 84.78 84.94 85.09 85.23 85.38 85.55 85.74 85.97 86.22 86.50 86.81 87.14 87.49 87.88 88.30 88.74 89.20 89.65 90.08 90.49 90.89 91.29 91.70 92.12 92.56 92.99 93.42 93.83 94.23
0.00 0.00 0.00 0.00 88.53 89.04 89.52 89.97 90.37 90.71 91.00 91.22 91.36 91.42 91.39 91.28 91.10 90.86 90.57 90.24 89.88 89.48 89.06 88.62 88.16 87.68 87.19 86.69 86.17 85.66 85.19 84.76 84.41 84.15 83.97 83.86 83.78 83.73 83.68 83.64 83.62 83.63 83.67 83.76 83.89 84.05 84.24 84.42 84.60 84.77 84.93 85.09 85.26 85.46 85.69 85.95 86.25 86.58 86.94 87.32 87.73 88.18 88.65 89.14 89.63 90.11 90.55 90.96 91.35 91.74 92.14 92.56 92.98 93.41 93.82 94.23 94.61
0.00 0.00 0.00 0.00 88.67 89.12 89.56 89.97 90.35 90.67 90.94 91.14 91.26 91.30 91.24 91.11 90.91 90.66 90.36 90.04 89.68 89.29 88.87 88.44 87.99 87.52 87.04 86.55 86.05 85.54 85.06 84.61 84.24 83.95 83.74 83.61 83.54 83.49 83.45 83.42 83.41 83.43 83.48 83.58 83.72 83.90 84.09 84.28 84.46 84.64 84.80 84.98 85.18 85.42 85.69 86.00 86.35 86.73 87.14 87.58 88.04 88.53 89.04 89.56 90.07 90.56 91.00 91.40 91.78 92.16 92.54 92.95 93.37 93.78 94.19 94.58 94.96
0.00 0.00 0.00 0.00 88.77 89.17 89.57 89.94 90.29 90.60 90.85 91.04 91.14 91.15 91.07 90.92 90.70 90.44 90.15 89.82 89.47 89.08 88.67 88.24 87.79 87.33 86.87 86.39 85.90 85.40 84.92 84.46 84.07 83.75 83.53 83.38 83.30 83.27 83.25 83.24 83.25 83.28 83.35 83.46 83.60 83.78 83.98 84.17 84.35 84.53 84.71 84.92 85.15 85.43 85.76 86.13 86.53 86.95 87.40 87.88 88.38 88.90 89.43 89.96 90.48 90.96 91.39 91.78 92.15 92.52 92.90 93.30 93.71 94.12 94.52 94.90 95.27
0.00 0.00 0.00 0.00 88.85 89.20 89.55 89.89 90.21 90.50 90.74 90.91 90.99 90.98 90.88 90.71 90.49 90.22 89.92 89.60 89.25 88.87 88.46 88.03 87.58 87.13 86.67 86.20 85.72 85.24 84.76 84.30 83.89 83.56 83.32 83.17 83.09 83.07 83.08 83.10 83.13 83.17 83.25 83.36 83.51 83.69 83.88 84.07 84.26 84.46 84.67 84.91 85.19 85.52 85.89 86.31 86.75 87.21 87.70 88.19 88.71 89.24 89.78 90.31 90.82 91.29 91.71 92.09 92.45 92.82 93.20 93.60 94.01 94.41 94.80 95.17 95.53
0.00 0.00 0.00 0.00 88.89 89.20 89.51 89.82 90.12 90.39 90.60 90.75 90.82 90.79 90.68 90.49 90.26 89.99 89.69 89.37 89.03 88.65 88.24 87.81 87.36 86.90 86.44 85.98 85.52 85.04 84.57 84.11 83.70 83.36 83.11 82.97 82.90 82.90 82.93 82.97 83.02 83.09 83.17 83.28 83.42 83.59 83.77 83.98 84.19 84.41 84.67 84.95 85.28 85.66 86.08 86.53 87.00 87.49 87.99 88.49 89.01 89.55 90.08 90.60 91.09 91.54 91.95 92.33 92.69 93.06 93.44 93.84 94.25 94.65 95.03 95.39 95.74
0.00 0.00 0.00 0.00 88.15 88.56 88.96 89.35 89.72 90.04 90.30 90.47 90.56 90.54 90.44 90.26 90.03 89.77 89.48 89.16 88.82 88.44 88.03 87.59 87.13 86.66 86.20 85.74 85.27 84.81 84.34 83.89 83.48 83.14 82.90 82.77 82.72 82.74 82.79 82.85 82.92 82.99 83.07 83.17 83.30 83.47 83.66 83.88 84.13 84.40 84.70 85.04 85.43 85.85 86.30 86.77 87.26 87.75 88.25 88.76 89.27 89.79 90.31 90.82 91.29 91.73 92.14 92.51 92.88 93.25 93.63 94.03 94.43 94.83 95.20 95.55 95.90
0.00 0.00 0.00 0.00 87.95 88.33 88.71 89.08 89.43 89.73 89.98 90.15 90.23 90.21 90.11 89.94 89.72 89.47 89.19 88.89 88.56 88.19 87.79 87.35 86.88 86.41 85.94 85.47 85.01 84.54 84.08 83.64 83.24 82.91 82.68 82.56 82.53 82.56 82.63 82.72 82.79 82.86 82.94 83.04 83.17 83.34 83.55 83.80 84.09 84.41 84.77 85.16 85.59 86.04 86.52 87.00 87.49 87.98 88.48 88.98 89.49 90.00 90.50 90.99 91.44 91.87 92.27 92.64 93.01 93.39 93.78 94.17 94.57 94.96 95.33 95.67 96.01
0.00 0.00 0.00 0.00 87.71 88.05 88.41 88.75 89.08 89.37 89.60 89.76 89.83 89.81 89.72 89.56 89.36 89.12 88.86 88.58 88.26 87.91 87.51 87.08 86.62 86.14 85.67 85.19 84.73 84.26 83.80 83.36 82.97 82.66 82.44 82.33 82.31 82.36 82.44 82.54 82.63 82.68 82.77 82.87 83.01 83.20 83.44 83.73 84.06 84.44 84.85 85.29 85.75 86.23 86.71 87.20 87.68 88.17 88.65 89.15 89.65 90.14 90.63 91.11 91.55 91.97 92.36 92.73 93.11 93.49 93.88 94.28 94.68 95.05 95.41 95.74 96.07
0.00 0.00 0.00 0.00 0.00 0.00 0.00 0.00 0.00 0.00 0.00 89.30 89.37 89.35 89.27 89.13 88.94 88.72 88.48 88.22 87.92 87.58 87.20 86.78 86.33 85.86 85.38 84.91 84.43 83.97 83.51 83.08 82.70 82.40 82.19 82.08 82.07 82.13 82.22 82.32 82.42 82.46 82.56 82.68 82.85 83.06 83.34 83.67 84.06 84.48 84.93 85.40 85.89 86.37 86.86 87.34 87.82 88.30 88.77 89.26 89.75 90.24 90.72 91.18 91.61 92.02 92.40 92.78 93.16 93.55 93.95 94.35 94.74 95.10 95.44 95.77 96.08
0.00 0.00 0.00 0.00 0.00 0.00 0.00 0.00 0.00 0.00 0.00 0.00 0.00 0.00 0.00 0.00 0.00 0.00 88.06 87.81 87.54 87.22 86.86 86.45 86.02 85.56 85.09 84.61 84.14 83.68 83.23 82.80 82.43 82.14 81.93 81.83 81.82 81.87 81.96 82.07 82.18 82.21 82.33 82.48 82.68 82.94 83.26 83.64 84.06 84.51 84.99 85.49 85.98 86.47 86.96 87.43 87.90 88.36 88.84 89.32 89.80 90.29 90.76 91.21 91.63 92.03 92.41 92.79 93.18 93.58 93.98 94.38 94.75 95.10 95.43 95.73 96.03
0.00 0.00 0.00 0.00 0.00 0.00 0.00 0.00 0.00 0.00 0.00 0.00 0.00 0.00 0.00 0.00 0.00 0.00 0.00 0.00 0.00 0.00 0.00 0.00 0.00 0.00 84.79 84.32 83.86 83.40 82.96 82.55 82.18 81.89 81.70 81.59 81.57 81.62 81.71 81.82 81.94 81.97 82.12 82.30 82.54 82.85 83.21 83.62 84.07 84.55 85.05 85.54 86.04 86.53 87.00 87.46 87.92 88.38 88.84 89.32 89.80 90.28 90.75 91.20 91.61 92.00 92.37 92.76 93.15 93.55 93.95 94.34 94.71 95.04 95.34 95.63 95.91
0.00 0.00 0.00 0.00 0.00 0.00 0.00 0.00 0.00 0.00 0.00 0.00 0.00 0.00 0.00 0.00 0.00 0.00 0.00 0.00 0.00 0.00 0.00 0.00 0.00 0.00 0.00 0.00 0.00 0.00 0.00 0.00 0.00 0.00 81.49 81.38 81.35 81.39 81.47 81.58 81.71 81.78 81.95 82.17 82.45 82.79 83.19 83.63 84.10 84.59 85.08 85.58 86.06 86.54 87.00 87.45 87.90 88.34 88.80 89.27 89.75 90.23 90.70 91.14 91.55 91.92 92.29 92.67 93.06 93.46 93.86 94.24 94.59 94.90 95.18 95.44 95.70
0.00 0.00 0.00 0.00 0.00 0.00 0.00 0.00 0.00 0.00 0.00 0.00 0.00 0.00 0.00 0.00 0.00 0.00 0.00 0.00 0.00 0.00 0.00 0.00 0.00 0.00 0.00 0.00 0.00 0.00 0.00 0.00 0.00 0.00 0.00 0.00 0.00 0.00 0.00 0.00 0.00 0.00 81.87 82.11 82.43 82.79 83.22 83.67 84.15 84.64 85.12 85.60 86.07 86.53 86.98 87.41 87.85 88.28 88.73 89.19 89.67 90.14 90.61 91.04 91.44 91.81 92.17 92.54 92.92 93.31 93.70 94.07 94.40 94.68 94.93 95.17 95.41
0.00 0.00 0.00 0.00 0.00 0.00 0.00 0.00 0.00 0.00 0.00 0.00 0.00 0.00 0.00 0.00 0.00 0.00 0.00 0.00 0.00 0.00 0.00 0.00 0.00 0.00 0.00 0.00 0.00 0.00 0.00 0.00 0.00 0.00 0.00 0.00 0.00 0.00 0.00 0.00 0.00 0.00 0.00 0.00 0.00 0.00 0.00 0.00 0.00 0.00 0.00 0.00 0.00 86.51 86.94 87.37 87.78 88.21 88.64 89.10 89.56 90.03 90.49 90.91 91.31 91.67 92.02 92.37 92.74 93.12 93.48 93.83 94.14 94.40 94.63 94.84 95.06
